id,sequenceNumber,type,text,awayScore,homeScore,period,clock,scoringPlay,scoreValue,team,participants,wallclock,shootingPlay,coordinate,clockSec
4017055364,4,"{'id': '615', 'text': 'Jumpball'}",Nikola Vucevic vs. Alperen Sengun (Tre Jones gains possession),0,0,1,12:00,False,0,{'id': '4'},"[{'athlete': {'id': '6478'}}, {'athlete': {'id': '4871144'}}, {'athlete': {'id': '4395626'}}]",2025-03-16T00:11:33Z,False,"{'x': -214748340, 'y': -214748365}",720.0
4017055367,7,"{'id': '110', 'text': 'Driving Layup Shot'}",Matas Buzelis misses driving layup,0,0,1,11:39,False,0,{'id': '4'},[{'athlete': {'id': '4711294'}}],2025-03-16T00:11:51Z,True,"{'x': 23, 'y': 2}",699.0
4017055368,8,"{'id': '155', 'text': 'Defensive Rebound'}",Alperen Sengun defensive rebound,0,0,1,11:38,False,0,{'id': '10'},[{'athlete': {'id': '4871144'}}],2025-03-16T00:11:52Z,False,"{'x': 23, 'y': 2}",698.0
4017055369,9,"{'id': '131', 'text': 'Pullup Jump Shot'}",Fred VanVleet misses 25-foot three point pullup jump shot,0,0,1,11:30,False,0,{'id': '10'},[{'athlete': {'id': '2991230'}}],2025-03-16T00:12:01Z,True,"{'x': 21, 'y': 25}",690.0
40170553610,10,"{'id': '155', 'text': 'Defensive Rebound'}",Nikola Vucevic defensive rebound,0,0,1,11:28,False,0,{'id': '4'},[{'athlete': {'id': '6478'}}],2025-03-16T00:12:03Z,False,"{'x': 21, 'y': 25}",688.0
40170553611,11,"{'id': '131', 'text': 'Pullup Jump Shot'}",Kevin Huerter misses 18-foot pullup jump shot,0,0,1,11:07,False,0,{'id': '4'},[{'athlete': {'id': '4066372'}}],2025-03-16T00:12:24Z,True,"{'x': 37, 'y': 15}",667.0
40170553612,12,"{'id': '155', 'text': 'Defensive Rebound'}",Alperen Sengun defensive rebound,0,0,1,11:07,False,0,{'id': '10'},[{'athlete': {'id': '4871144'}}],2025-03-16T00:12:24Z,False,"{'x': 37, 'y': 15}",667.0
40170553613,13,"{'id': '126', 'text': 'Layup Driving Reverse'}",Dillon Brooks makes two point shot,0,2,1,10:57,True,2,{'id': '10'},[{'athlete': {'id': '3155526'}}],2025-03-16T00:12:33Z,True,"{'x': 26, 'y': 1}",657.0
40170553614,14,"{'id': '87', 'text': 'Out of Bounds - Lost Ball Turnover'}",Kevin Huerter out of bounds lost ball turnover,0,2,1,10:46,False,0,{'id': '4'},[{'athlete': {'id': '4066372'}}],2025-03-16T00:12:45Z,False,"{'x': 1, 'y': 40}",646.0
40170553615,15,"{'id': '120', 'text': 'Turnaround Hook Shot'}",Jalen Green misses 8-foot two point shot,0,2,1,10:32,False,0,{'id': '10'},[{'athlete': {'id': '4437244'}}],2025-03-16T00:13:06Z,True,"{'x': 26, 'y': 8}",632.0
40170553616,16,"{'id': '155', 'text': 'Defensive Rebound'}",Coby White defensive rebound,0,2,1,10:31,False,0,{'id': '4'},[{'athlete': {'id': '4395651'}}],2025-03-16T00:13:07Z,False,"{'x': 26, 'y': 8}",631.0
40170553617,17,"{'id': '109', 'text': 'Running Layup Shot'}",Alperen Sengun blocks Coby White 's 1-foot two point shot,0,2,1,10:25,False,0,{'id': '4'},"[{'athlete': {'id': '4395651'}}, {'athlete': {'id': '4871144'}}]",2025-03-16T00:13:14Z,True,"{'x': 27, 'y': 1}",625.0
40170553619,19,"{'id': '155', 'text': 'Defensive Rebound'}",Jabari Smith Jr. defensive rebound,0,2,1,10:24,False,0,{'id': '10'},[{'athlete': {'id': '4432639'}}],2025-03-16T00:13:15Z,False,"{'x': 27, 'y': 1}",624.0
40170553620,20,"{'id': '146', 'text': 'Running Pullup Jump Shot'}",Dillon Brooks misses running pullup jump shot,0,2,1,10:20,False,0,{'id': '10'},[{'athlete': {'id': '3155526'}}],2025-03-16T00:13:19Z,True,"{'x': 9, 'y': 21}",620.0
40170553621,21,"{'id': '156', 'text': 'Offensive Rebound'}",Jabari Smith Jr. offensive rebound,0,2,1,10:19,False,0,{'id': '10'},[{'athlete': {'id': '4432639'}}],2025-03-16T00:13:20Z,False,"{'x': 9, 'y': 21}",619.0
40170553622,22,"{'id': '125', 'text': 'Layup Shot Putback'}",Jabari Smith Jr. makes two point shot,0,4,1,10:18,True,2,{'id': '10'},[{'athlete': {'id': '4432639'}}],2025-03-16T00:13:23Z,True,"{'x': 25, 'y': 1}",618.0
40170553623,23,"{'id': '92', 'text': 'Jump Shot'}",Matas Buzelis makes 23-foot three point jumper (Tre Jones assists),3,4,1,10:06,True,3,{'id': '4'},"[{'athlete': {'id': '4711294'}}, {'athlete': {'id': '4395626'}}]",2025-03-16T00:13:33Z,True,"{'x': 2, 'y': 3}",606.0
40170553625,25,"{'id': '92', 'text': 'Jump Shot'}",Jabari Smith Jr. makes 25-foot three point jumper (Dillon Brooks assists),3,7,1,9:49,True,3,{'id': '10'},"[{'athlete': {'id': '4432639'}}, {'athlete': {'id': '3155526'}}]",2025-03-16T00:13:49Z,True,"{'x': 12, 'y': 22}",589.0
40170553627,27,"{'id': '144', 'text': 'Driving Floating Jump Shot'}",Tre Jones makes 2-foot driving floating jump shot,5,7,1,9:40,True,2,{'id': '4'},[{'athlete': {'id': '4395626'}}],2025-03-16T00:13:59Z,True,"{'x': 27, 'y': 1}",580.0
40170553628,28,"{'id': '132', 'text': 'Step Back Jump Shot'}",Jalen Green misses 25-foot three point step back jumpshot,5,7,1,9:26,False,0,{'id': '10'},[{'athlete': {'id': '4437244'}}],2025-03-16T00:14:13Z,True,"{'x': 40, 'y': 21}",566.0
40170553629,29,"{'id': '156', 'text': 'Offensive Rebound'}",Rockets offensive team rebound,5,7,1,9:25,False,0,{'id': '10'},,2025-03-16T00:14:14Z,False,"{'x': 40, 'y': 21}",565.0
40170553630,30,"{'id': '43', 'text': 'Loose Ball Foul'}",Kevin Huerter loose ball foul,5,7,1,9:25,False,0,{'id': '4'},[{'athlete': {'id': '4066372'}}],2025-03-16T00:14:22Z,False,"{'x': 23, 'y': 6}",565.0
40170553632,32,"{'id': '90', 'text': 'Out of Bounds - Bad Pass Turnover'}",Alperen Sengun out of bounds bad pass turnover,5,7,1,9:14,False,0,{'id': '10'},[{'athlete': {'id': '4871144'}}],2025-03-16T00:14:51Z,False,"{'x': 49, 'y': 24}",554.0
40170553633,33,"{'id': '62', 'text': 'Bad Pass\nTurnover'}",Coby White bad pass (Alperen Sengun steals),5,7,1,9:04,False,0,{'id': '4'},"[{'athlete': {'id': '4395651'}}, {'athlete': {'id': '4871144'}}]",2025-03-16T00:15:08Z,False,"{'x': 26, 'y': 11}",544.0
40170553635,35,"{'id': '113', 'text': 'Running Jump Shot'}",Fred VanVleet misses 28-foot three point shot,5,7,1,8:58,False,0,{'id': '10'},[{'athlete': {'id': '2991230'}}],2025-03-16T00:15:14Z,True,"{'x': 45, 'y': 21}",538.0
40170553636,36,"{'id': '155', 'text': 'Defensive Rebound'}",Nikola Vucevic defensive rebound,5,7,1,8:55,False,0,{'id': '4'},[{'athlete': {'id': '6478'}}],2025-03-16T00:15:17Z,False,"{'x': 45, 'y': 21}",535.0
40170553637,37,"{'id': '92', 'text': 'Jump Shot'}",Coby White misses 22-foot three point jumper,5,7,1,8:44,False,0,{'id': '4'},[{'athlete': {'id': '4395651'}}],2025-03-16T00:15:28Z,True,"{'x': 3, 'y': 4}",524.0
40170553638,38,"{'id': '155', 'text': 'Defensive Rebound'}",Rockets defensive team rebound,5,7,1,8:42,False,0,{'id': '10'},,2025-03-16T00:15:30Z,False,"{'x': 3, 'y': 4}",522.0
40170553640,40,"{'id': '92', 'text': 'Jump Shot'}",Dillon Brooks misses 25-foot three point jumper,5,7,1,8:30,False,0,{'id': '10'},[{'athlete': {'id': '3155526'}}],2025-03-16T00:15:48Z,True,"{'x': 3, 'y': 13}",510.0
40170553641,41,"{'id': '155', 'text': 'Defensive Rebound'}",Coby White defensive rebound,5,7,1,8:28,False,0,{'id': '4'},[{'athlete': {'id': '4395651'}}],2025-03-16T00:15:50Z,False,"{'x': 3, 'y': 13}",508.0
40170553642,42,"{'id': '109', 'text': 'Running Layup Shot'}",Tre Jones makes two point shot (Coby White assists),7,7,1,8:23,True,2,{'id': '4'},"[{'athlete': {'id': '4395626'}}, {'athlete': {'id': '4395651'}}]",2025-03-16T00:15:55Z,True,"{'x': 26, 'y': 0}",503.0
40170553644,44,"{'id': '87', 'text': 'Out of Bounds - Lost Ball Turnover'}",Dillon Brooks out of bounds lost ball turnover,7,7,1,8:10,False,0,{'id': '10'},[{'athlete': {'id': '3155526'}}],2025-03-16T00:16:10Z,False,"{'x': 15, 'y': -3}",490.0
40170553645,45,"{'id': '92', 'text': 'Jump Shot'}",Kevin Huerter misses 24-foot three point jumper,7,7,1,8:00,False,0,{'id': '4'},[{'athlete': {'id': '4066372'}}],2025-03-16T00:16:27Z,True,"{'x': 5, 'y': 15}",480.0
40170553646,46,"{'id': '155', 'text': 'Defensive Rebound'}",Alperen Sengun defensive rebound,7,7,1,7:58,False,0,{'id': '10'},[{'athlete': {'id': '4871144'}}],2025-03-16T00:16:29Z,False,"{'x': 5, 'y': 15}",478.0
40170553647,47,"{'id': '92', 'text': 'Jump Shot'}",Jabari Smith Jr. misses 23-foot three point jumper,7,7,1,7:49,False,0,{'id': '10'},[{'athlete': {'id': '4432639'}}],2025-03-16T00:16:39Z,True,"{'x': 48, 'y': 2}",469.0
40170553648,48,"{'id': '155', 'text': 'Defensive Rebound'}",Tre Jones defensive rebound,7,7,1,7:47,False,0,{'id': '4'},[{'athlete': {'id': '4395626'}}],2025-03-16T00:16:41Z,False,"{'x': 48, 'y': 2}",467.0
40170553649,49,"{'id': '45', 'text': 'Personal Foul'}",Fred VanVleet personal foul,7,7,1,7:43,False,0,{'id': '10'},[{'athlete': {'id': '2991230'}}],2025-03-16T00:16:46Z,False,"{'x': 25, 'y': 23}",463.0
40170553651,51,"{'id': '584', 'text': 'Substitution'}",Julian Phillips enters the game for Coby White,7,7,1,7:43,False,0,{'id': '4'},"[{'athlete': {'id': '5105553'}}, {'athlete': {'id': '4395651'}}]",2025-03-16T00:16:58Z,False,"{'x': -214748340, 'y': -214748365}",463.0
40170553653,53,"{'id': '92', 'text': 'Jump Shot'}",Matas Buzelis makes 24-foot three point jumper (Tre Jones assists),10,7,1,7:34,True,3,{'id': '4'},"[{'athlete': {'id': '4711294'}}, {'athlete': {'id': '4395626'}}]",2025-03-16T00:17:17Z,True,"{'x': 49, 'y': 2}",454.0
40170553654,54,"{'id': '64', 'text': 'Traveling'}",Alperen Sengun traveling,10,7,1,7:19,False,0,{'id': '10'},[{'athlete': {'id': '4871144'}}],2025-03-16T00:17:34Z,False,"{'x': 20, 'y': 3}",439.0
40170553655,55,"{'id': '45', 'text': 'Personal Foul'}",Jalen Green personal foul,10,7,1,7:11,False,0,{'id': '10'},[{'athlete': {'id': '4437244'}}],2025-03-16T00:17:58Z,False,"{'x': 16, 'y': 13}",431.0
40170553657,57,"{'id': '126', 'text': 'Layup Driving Reverse'}",Alperen Sengun blocks Julian Phillips 's 1-foot two point shot,10,7,1,7:04,False,0,{'id': '4'},"[{'athlete': {'id': '5105553'}}, {'athlete': {'id': '4871144'}}]",2025-03-16T00:18:20Z,True,"{'x': 24, 'y': 1}",424.0
40170553659,59,"{'id': '156', 'text': 'Offensive Rebound'}",Bulls offensive team rebound,10,7,1,7:04,False,0,{'id': '4'},,2025-03-16T00:18:20Z,False,"{'x': 24, 'y': 1}",424.0
40170553661,61,"{'id': '584', 'text': 'Substitution'}",Jae'Sean Tate enters the game for Jabari Smith Jr.,10,7,1,7:04,False,0,{'id': '10'},"[{'athlete': {'id': '3136777'}}, {'athlete': {'id': '4432639'}}]",2025-03-16T00:18:35Z,False,"{'x': -214748340, 'y': -214748365}",424.0
40170553663,63,"{'id': '128', 'text': 'Driving Finger Roll Layup'}",Kevin Huerter makes 9-foot two point shot,12,7,1,6:57,True,2,{'id': '4'},[{'athlete': {'id': '4066372'}}],2025-03-16T00:18:51Z,True,"{'x': 31, 'y': 7}",417.0
40170553664,64,"{'id': '62', 'text': 'Bad Pass\nTurnover'}",Alperen Sengun bad pass (Julian Phillips steals),12,7,1,6:47,False,0,{'id': '10'},"[{'athlete': {'id': '4871144'}}, {'athlete': {'id': '5105553'}}]",2025-03-16T00:19:02Z,False,"{'x': 35, 'y': 4}",407.0
40170553666,66,"{'id': '87', 'text': 'Out of Bounds - Lost Ball Turnover'}",Tre Jones out of bounds lost ball turnover,12,7,1,6:42,False,0,{'id': '4'},[{'athlete': {'id': '4395626'}}],2025-03-16T00:19:09Z,False,"{'x': 32, 'y': -4}",402.0
40170553667,67,"{'id': '16', 'text': 'Full Timeout'}",Rockets Full timeout,12,7,1,6:42,False,0,{'id': '10'},,2025-03-16T00:19:16Z,False,"{'x': -214748340, 'y': -214748365}",402.0
40170553669,69,"{'id': '151', 'text': 'Cutting Dunk Shot'}",Dillon Brooks makes dunk (Alperen Sengun assists),12,9,1,6:21,True,2,{'id': '10'},"[{'athlete': {'id': '3155526'}}, {'athlete': {'id': '4871144'}}]",2025-03-16T00:22:30Z,True,"{'x': 25, 'y': 1}",381.0
40170553671,71,"{'id': '120', 'text': 'Turnaround Hook Shot'}",Matas Buzelis misses 7-foot two point shot,12,9,1,5:59,False,0,{'id': '4'},[{'athlete': {'id': '4711294'}}],2025-03-16T00:22:52Z,True,"{'x': 29, 'y': 6}",359.0
40170553672,72,"{'id': '155', 'text': 'Defensive Rebound'}",Jalen Green defensive rebound,12,9,1,5:57,False,0,{'id': '10'},[{'athlete': {'id': '4437244'}}],2025-03-16T00:22:54Z,False,"{'x': 29, 'y': 6}",357.0
40170553673,73,"{'id': '116', 'text': 'Running Dunk Shot'}",Jalen Green makes 2-foot dunk,12,11,1,5:52,True,2,{'id': '10'},[{'athlete': {'id': '4437244'}}],2025-03-16T00:22:59Z,True,"{'x': 26, 'y': 2}",352.0
40170553674,74,"{'id': '126', 'text': 'Layup Driving Reverse'}",Jae'Sean Tate blocks Tre Jones 's 3-foot two point shot,12,11,1,5:33,False,0,{'id': '4'},"[{'athlete': {'id': '4395626'}}, {'athlete': {'id': '3136777'}}]",2025-03-16T00:23:18Z,True,"{'x': 28, 'y': 1}",333.0
40170553676,76,"{'id': '155', 'text': 'Defensive Rebound'}",Fred VanVleet defensive rebound,12,11,1,5:31,False,0,{'id': '10'},[{'athlete': {'id': '2991230'}}],2025-03-16T00:23:20Z,False,"{'x': 28, 'y': 1}",331.0
40170553677,77,"{'id': '109', 'text': 'Running Layup Shot'}",Matas Buzelis blocks Fred VanVleet 's 3-foot two point shot,12,11,1,5:26,False,0,{'id': '10'},"[{'athlete': {'id': '2991230'}}, {'athlete': {'id': '4711294'}}]",2025-03-16T00:23:25Z,True,"{'x': 22, 'y': 2}",326.0
40170553678,78,"{'id': '155', 'text': 'Defensive Rebound'}",Bulls defensive team rebound,12,11,1,5:25,False,0,{'id': '4'},,2025-03-16T00:23:26Z,False,"{'x': 22, 'y': 2}",325.0
40170553680,80,"{'id': '584', 'text': 'Substitution'}",Dalen Terry enters the game for Matas Buzelis,12,11,1,5:25,False,0,{'id': '4'},"[{'athlete': {'id': '4433159'}}, {'athlete': {'id': '4711294'}}]",2025-03-16T00:23:37Z,False,"{'x': -214748340, 'y': -214748365}",325.0
40170553684,84,"{'id': '584', 'text': 'Substitution'}",Steven Adams enters the game for Alperen Sengun,12,11,1,5:25,False,0,{'id': '10'},"[{'athlete': {'id': '2991235'}}, {'athlete': {'id': '4871144'}}]",2025-03-16T00:23:37Z,False,"{'x': -214748340, 'y': -214748365}",325.0
40170553682,82,"{'id': '131', 'text': 'Pullup Jump Shot'}",Kevin Huerter misses 25-foot three point pullup jump shot,12,11,1,5:14,False,0,{'id': '4'},[{'athlete': {'id': '4066372'}}],2025-03-16T00:23:57Z,True,"{'x': 9, 'y': 19}",314.0
40170553683,83,"{'id': '155', 'text': 'Defensive Rebound'}",Steven Adams defensive rebound,12,11,1,5:13,False,0,{'id': '10'},[{'athlete': {'id': '2991235'}}],2025-03-16T00:23:58Z,False,"{'x': 9, 'y': 19}",313.0
40170553686,86,"{'id': '137', 'text': 'Turnaround Fade Away Jump Shot'}",Dillon Brooks makes 11-foot two point shot,12,13,1,4:54,True,2,{'id': '10'},[{'athlete': {'id': '3155526'}}],2025-03-16T00:24:17Z,True,"{'x': 34, 'y': 8}",294.0
40170553687,87,"{'id': '92', 'text': 'Jump Shot'}",Nikola Vucevic makes 25-foot three point jumper (Tre Jones assists),15,13,1,4:46,True,3,{'id': '4'},"[{'athlete': {'id': '6478'}}, {'athlete': {'id': '4395626'}}]",2025-03-16T00:24:25Z,True,"{'x': 27, 'y': 25}",286.0
40170553689,89,"{'id': '120', 'text': 'Turnaround Hook Shot'}",Steven Adams misses 4-foot two point shot,15,13,1,4:21,False,0,{'id': '10'},[{'athlete': {'id': '2991235'}}],2025-03-16T00:24:49Z,True,"{'x': 26, 'y': 5}",261.0
40170553690,90,"{'id': '155', 'text': 'Defensive Rebound'}",Nikola Vucevic defensive rebound,15,13,1,4:17,False,0,{'id': '4'},[{'athlete': {'id': '6478'}}],2025-03-16T00:24:53Z,False,"{'x': 26, 'y': 5}",257.0
40170553691,91,"{'id': '109', 'text': 'Running Layup Shot'}",Fred VanVleet blocks Dalen Terry 's 3-foot two point shot,15,13,1,4:15,False,0,{'id': '4'},"[{'athlete': {'id': '4433159'}}, {'athlete': {'id': '2991230'}}]",2025-03-16T00:24:57Z,True,"{'x': 29, 'y': 1}",255.0
40170553693,93,"{'id': '156', 'text': 'Offensive Rebound'}",Bulls offensive team rebound,15,13,1,4:15,False,0,{'id': '4'},,2025-03-16T00:24:57Z,False,"{'x': 29, 'y': 1}",255.0
40170553695,95,"{'id': '584', 'text': 'Substitution'}",Coby White enters the game for Tre Jones,15,13,1,4:15,False,0,{'id': '4'},"[{'athlete': {'id': '4395651'}}, {'athlete': {'id': '4395626'}}]",2025-03-16T00:25:03Z,False,"{'x': -214748340, 'y': -214748365}",255.0
40170553697,97,"{'id': '584', 'text': 'Substitution'}",Jeff Green enters the game for Fred VanVleet,15,13,1,4:15,False,0,{'id': '10'},"[{'athlete': {'id': '3209'}}, {'athlete': {'id': '2991230'}}]",2025-03-16T00:25:03Z,False,"{'x': -214748340, 'y': -214748365}",255.0
40170553699,99,"{'id': '131', 'text': 'Pullup Jump Shot'}",Dalen Terry makes 25-foot three pointer (Nikola Vucevic assists),18,13,1,4:11,True,3,{'id': '4'},"[{'athlete': {'id': '4433159'}}, {'athlete': {'id': '6478'}}]",2025-03-16T00:25:24Z,True,"{'x': 32, 'y': 24}",251.0
401705536101,101,"{'id': '131', 'text': 'Pullup Jump Shot'}",Jalen Green misses 26-foot three point pullup jump shot,18,13,1,4:00,False,0,{'id': '10'},[{'athlete': {'id': '4437244'}}],2025-03-16T00:25:34Z,True,"{'x': 41, 'y': 22}",240.0
401705536102,102,"{'id': '155', 'text': 'Defensive Rebound'}",Nikola Vucevic defensive rebound,18,13,1,3:58,False,0,{'id': '4'},[{'athlete': {'id': '6478'}}],2025-03-16T00:25:36Z,False,"{'x': 41, 'y': 22}",238.0
401705536103,103,"{'id': '151', 'text': 'Cutting Dunk Shot'}",Jalen Green blocks Julian Phillips 's 3-foot dunk,18,13,1,3:46,False,0,{'id': '4'},"[{'athlete': {'id': '5105553'}}, {'athlete': {'id': '4437244'}}]",2025-03-16T00:25:48Z,True,"{'x': 23, 'y': 2}",226.0
401705536105,105,"{'id': '155', 'text': 'Defensive Rebound'}",Jalen Green defensive rebound,18,13,1,3:44,False,0,{'id': '10'},[{'athlete': {'id': '4437244'}}],2025-03-16T00:25:50Z,False,"{'x': 23, 'y': 2}",224.0
401705536106,106,"{'id': '92', 'text': 'Jump Shot'}",Dillon Brooks misses 26-foot three point jumper,18,13,1,3:37,False,0,{'id': '10'},[{'athlete': {'id': '3155526'}}],2025-03-16T00:25:58Z,True,"{'x': 10, 'y': 23}",217.0
401705536107,107,"{'id': '156', 'text': 'Offensive Rebound'}",Steven Adams offensive rebound,18,13,1,3:33,False,0,{'id': '10'},[{'athlete': {'id': '2991235'}}],2025-03-16T00:26:01Z,False,"{'x': 10, 'y': 23}",213.0
401705536108,108,"{'id': '125', 'text': 'Layup Shot Putback'}",Steven Adams makes two point shot,18,15,1,3:32,True,2,{'id': '10'},[{'athlete': {'id': '2991235'}}],2025-03-16T00:26:02Z,True,"{'x': 23, 'y': 5}",212.0
401705536109,109,"{'id': '92', 'text': 'Jump Shot'}",Julian Phillips makes 24-foot three point jumper (Dalen Terry assists),21,15,1,3:14,True,3,{'id': '4'},"[{'athlete': {'id': '5105553'}}, {'athlete': {'id': '4433159'}}]",2025-03-16T00:26:20Z,True,"{'x': 49, 'y': 3}",194.0
401705536111,111,"{'id': '115', 'text': 'Driving Dunk Shot'}",Jalen Green makes 1-foot driving dunk,21,17,1,2:56,True,2,{'id': '10'},[{'athlete': {'id': '4437244'}}],2025-03-16T00:26:39Z,True,"{'x': 26, 'y': 1}",176.0
401705536112,112,"{'id': '92', 'text': 'Jump Shot'}",Nikola Vucevic makes 24-foot three point jumper (Dalen Terry assists),24,17,1,2:40,True,3,{'id': '4'},"[{'athlete': {'id': '6478'}}, {'athlete': {'id': '4433159'}}]",2025-03-16T00:26:54Z,True,"{'x': 34, 'y': 24}",160.0
401705536114,114,"{'id': '45', 'text': 'Personal Foul'}",Julian Phillips personal foul,24,17,1,2:23,False,0,{'id': '4'},[{'athlete': {'id': '5105553'}}],2025-03-16T00:27:14Z,False,"{'x': 30, 'y': 3}",143.0
401705536116,116,"{'id': '16', 'text': 'Full Timeout'}",Bulls Full timeout,24,17,1,2:23,False,0,{'id': '4'},,2025-03-16T00:27:21Z,False,"{'x': -214748340, 'y': -214748365}",143.0
401705536118,118,"{'id': '584', 'text': 'Substitution'}",Alperen Sengun enters the game for Dillon Brooks,24,17,1,2:23,False,0,{'id': '10'},"[{'athlete': {'id': '4871144'}}, {'athlete': {'id': '3155526'}}]",2025-03-16T00:29:53Z,False,"{'x': -214748340, 'y': -214748365}",143.0
401705536119,119,"{'id': '584', 'text': 'Substitution'}",Jabari Smith Jr. enters the game for Jae'Sean Tate,24,17,1,2:23,False,0,{'id': '10'},"[{'athlete': {'id': '4432639'}}, {'athlete': {'id': '3136777'}}]",2025-03-16T00:29:53Z,False,"{'x': -214748340, 'y': -214748365}",143.0
401705536120,120,"{'id': '584', 'text': 'Substitution'}",Zach Collins enters the game for Nikola Vucevic,24,17,1,2:23,False,0,{'id': '4'},"[{'athlete': {'id': '4066650'}}, {'athlete': {'id': '6478'}}]",2025-03-16T00:29:53Z,False,"{'x': -214748340, 'y': -214748365}",143.0
401705536121,121,"{'id': '584', 'text': 'Substitution'}",Patrick Williams enters the game for Kevin Huerter,24,17,1,2:23,False,0,{'id': '4'},"[{'athlete': {'id': '4431687'}}, {'athlete': {'id': '4066372'}}]",2025-03-16T00:29:53Z,False,"{'x': -214748340, 'y': -214748365}",143.0
401705536126,126,"{'id': '12', 'text': 'Kicked Ball'}",Coby White kicked ball violation,24,17,1,2:21,False,0,{'id': '4'},[{'athlete': {'id': '4395651'}}],2025-03-16T00:30:21Z,False,"{'x': -214748340, 'y': -214748365}",141.0
401705536127,127,"{'id': '64', 'text': 'Traveling'}",Jeff Green traveling,24,17,1,2:13,False,0,{'id': '10'},[{'athlete': {'id': '3209'}}],2025-03-16T00:30:41Z,False,"{'x': 21, 'y': 12}",133.0
401705536128,128,"{'id': '128', 'text': 'Driving Finger Roll Layup'}",Coby White misses two point shot,24,17,1,1:48,False,0,{'id': '4'},[{'athlete': {'id': '4395651'}}],2025-03-16T00:31:18Z,True,"{'x': 30, 'y': 1}",108.0
401705536129,129,"{'id': '155', 'text': 'Defensive Rebound'}",Alperen Sengun defensive rebound,24,17,1,1:48,False,0,{'id': '10'},[{'athlete': {'id': '4871144'}}],2025-03-16T00:31:18Z,False,"{'x': 30, 'y': 1}",108.0
401705536130,130,"{'id': '113', 'text': 'Running Jump Shot'}",Jalen Green misses 26-foot three point shot,24,17,1,1:42,False,0,{'id': '10'},[{'athlete': {'id': '4437244'}}],2025-03-16T00:31:24Z,True,"{'x': 10, 'y': 22}",102.0
401705536131,131,"{'id': '156', 'text': 'Offensive Rebound'}",Rockets offensive team rebound,24,17,1,1:40,False,0,{'id': '10'},,2025-03-16T00:31:28Z,False,"{'x': 10, 'y': 22}",100.0
401705536133,133,"{'id': '584', 'text': 'Substitution'}",Jalen Smith enters the game for Julian Phillips,24,17,1,1:40,False,0,{'id': '4'},"[{'athlete': {'id': '4397189'}}, {'athlete': {'id': '5105553'}}]",2025-03-16T00:31:32Z,False,"{'x': -214748340, 'y': -214748365}",100.0
401705536136,136,"{'id': '131', 'text': 'Pullup Jump Shot'}",Jabari Smith Jr. misses 12-foot pullup jump shot,24,17,1,1:29,False,0,{'id': '10'},[{'athlete': {'id': '4432639'}}],2025-03-16T00:32:17Z,True,"{'x': 12, 'y': 1}",89.0
401705536137,137,"{'id': '155', 'text': 'Defensive Rebound'}",Patrick Williams defensive rebound,24,17,1,1:28,False,0,{'id': '4'},[{'athlete': {'id': '4431687'}}],2025-03-16T00:32:18Z,False,"{'x': 12, 'y': 1}",88.0
401705536138,138,"{'id': '92', 'text': 'Jump Shot'}",Jalen Smith misses 24-foot three point jumper,24,17,1,1:19,False,0,{'id': '4'},[{'athlete': {'id': '4397189'}}],2025-03-16T00:32:26Z,True,"{'x': 5, 'y': 15}",79.0
401705536139,139,"{'id': '155', 'text': 'Defensive Rebound'}",Alperen Sengun defensive rebound,24,17,1,1:18,False,0,{'id': '10'},[{'athlete': {'id': '4871144'}}],2025-03-16T00:32:27Z,False,"{'x': 5, 'y': 15}",78.0
401705536140,140,"{'id': '92', 'text': 'Jump Shot'}",Alperen Sengun misses 25-foot three point jumper,24,17,1,1:06,False,0,{'id': '10'},[{'athlete': {'id': '4871144'}}],2025-03-16T00:32:39Z,True,"{'x': 33, 'y': 25}",66.0
401705536141,141,"{'id': '155', 'text': 'Defensive Rebound'}",Jalen Smith defensive rebound,24,17,1,1:04,False,0,{'id': '4'},[{'athlete': {'id': '4397189'}}],2025-03-16T00:32:41Z,False,"{'x': 33, 'y': 25}",64.0
401705536142,142,"{'id': '127', 'text': 'Layup Running Reverse'}",Patrick Williams makes two point shot,26,17,1,59.0,True,2,{'id': '4'},[{'athlete': {'id': '4431687'}}],2025-03-16T00:32:47Z,True,"{'x': 24, 'y': 0}",59.0
401705536144,144,"{'id': '110', 'text': 'Driving Layup Shot'}",Alperen Sengun makes driving layup,26,19,1,47.0,True,2,{'id': '10'},[{'athlete': {'id': '4871144'}}],2025-03-16T00:33:24Z,True,"{'x': 23, 'y': 1}",47.0
401705536145,145,"{'id': '92', 'text': 'Jump Shot'}",Coby White misses 30-foot three point jumper,26,19,1,38.1,False,0,{'id': '4'},[{'athlete': {'id': '4395651'}}],2025-03-16T00:33:34Z,True,"{'x': 2, 'y': 21}",38.1
401705536146,146,"{'id': '155', 'text': 'Defensive Rebound'}",Alperen Sengun defensive rebound,26,19,1,37.0,False,0,{'id': '10'},[{'athlete': {'id': '4871144'}}],2025-03-16T00:33:36Z,False,"{'x': 2, 'y': 21}",37.0
401705536147,147,"{'id': '45', 'text': 'Personal Foul'}",Dalen Terry personal foul,26,19,1,30.1,False,0,{'id': '4'},[{'athlete': {'id': '4433159'}}],2025-03-16T00:33:45Z,False,"{'x': 31, 'y': 12}",30.1
401705536149,149,"{'id': '584', 'text': 'Substitution'}",Fred VanVleet enters the game for Jeff Green,26,19,1,30.1,False,0,{'id': '10'},"[{'athlete': {'id': '2991230'}}, {'athlete': {'id': '3209'}}]",2025-03-16T00:34:04Z,False,"{'x': -214748340, 'y': -214748365}",30.1
401705536151,151,"{'id': '92', 'text': 'Jump Shot'}",Fred VanVleet makes 25-foot three point jumper (Steven Adams assists),26,22,1,27.1,True,3,{'id': '10'},"[{'athlete': {'id': '2991230'}}, {'athlete': {'id': '2991235'}}]",2025-03-16T00:34:25Z,True,"{'x': 46, 'y': 15}",27.1
401705536153,153,"{'id': '92', 'text': 'Jump Shot'}",Dalen Terry makes 26-foot three point jumper (Patrick Williams assists),29,22,1,10.1,True,3,{'id': '4'},"[{'athlete': {'id': '4433159'}}, {'athlete': {'id': '4431687'}}]",2025-03-16T00:34:45Z,True,"{'x': 4, 'y': 16}",10.1
401705536155,155,"{'id': '132', 'text': 'Step Back Jump Shot'}",Jalen Green misses 23-foot three point step back jumpshot,29,22,1,0.0,False,0,{'id': '10'},[{'athlete': {'id': '4437244'}}],2025-03-16T00:35:00Z,True,"{'x': 1, 'y': 2}",0.0
401705536156,156,"{'id': '156', 'text': 'Offensive Rebound'}",Rockets offensive team rebound,29,22,1,0.0,False,0,{'id': '10'},,2025-03-16T00:35:00Z,False,"{'x': 1, 'y': 2}",0.0
401705536157,157,"{'id': '412', 'text': 'End Period'}",End of the 1st Quarter,29,22,1,0.0,False,0,,,2025-03-16T00:35:06Z,False,"{'x': -214748340, 'y': -214748365}",0.0
401705536158,158,"{'id': '584', 'text': 'Substitution'}",Aaron Holiday enters the game for Jalen Green,29,22,2,12:00,False,0,{'id': '10'},"[{'athlete': {'id': '3922230'}}, {'athlete': {'id': '4437244'}}]",2025-03-16T00:37:12Z,False,"{'x': -214748340, 'y': -214748365}",720.0
401705536161,161,"{'id': '45', 'text': 'Personal Foul'}",Zach Collins personal foul,29,22,2,11:50,False,0,{'id': '4'},[{'athlete': {'id': '4066650'}}],2025-03-16T00:38:07Z,False,"{'x': 31, 'y': 5}",710.0
401705536163,163,"{'id': '92', 'text': 'Jump Shot'}",Jabari Smith Jr. misses 25-foot three point jumper,29,22,2,11:38,False,0,{'id': '10'},[{'athlete': {'id': '4432639'}}],2025-03-16T00:38:32Z,True,"{'x': 9, 'y': 20}",698.0
401705536164,164,"{'id': '155', 'text': 'Defensive Rebound'}",Dalen Terry defensive rebound,29,22,2,11:37,False,0,{'id': '4'},[{'athlete': {'id': '4433159'}}],2025-03-16T00:38:33Z,False,"{'x': 9, 'y': 20}",697.0
401705536165,165,"{'id': '92', 'text': 'Jump Shot'}",Jalen Smith misses 25-foot three point jumper,29,22,2,11:28,False,0,{'id': '4'},[{'athlete': {'id': '4397189'}}],2025-03-16T00:38:42Z,True,"{'x': 6, 'y': 17}",688.0
401705536166,166,"{'id': '155', 'text': 'Defensive Rebound'}",Alperen Sengun defensive rebound,29,22,2,11:26,False,0,{'id': '10'},[{'athlete': {'id': '4871144'}}],2025-03-16T00:38:44Z,False,"{'x': 6, 'y': 17}",686.0
401705536167,167,"{'id': '146', 'text': 'Running Pullup Jump Shot'}",Fred VanVleet misses running pullup jump shot,29,22,2,11:20,False,0,{'id': '10'},[{'athlete': {'id': '2991230'}}],2025-03-16T00:38:50Z,True,"{'x': 11, 'y': 23}",680.0
401705536168,168,"{'id': '155', 'text': 'Defensive Rebound'}",Coby White defensive rebound,29,22,2,11:18,False,0,{'id': '4'},[{'athlete': {'id': '4395651'}}],2025-03-16T00:38:52Z,False,"{'x': 11, 'y': 23}",678.0
401705536169,169,"{'id': '92', 'text': 'Jump Shot'}",Zach Collins misses 24-foot three point jumper,29,22,2,11:11,False,0,{'id': '4'},[{'athlete': {'id': '4066650'}}],2025-03-16T00:39:00Z,True,"{'x': 33, 'y': 24}",671.0
401705536170,170,"{'id': '155', 'text': 'Defensive Rebound'}",Jabari Smith Jr. defensive rebound,29,22,2,11:05,False,0,{'id': '10'},[{'athlete': {'id': '4432639'}}],2025-03-16T00:39:06Z,False,"{'x': 33, 'y': 24}",665.0
401705536171,171,"{'id': '109', 'text': 'Running Layup Shot'}",Zach Collins blocks Alperen Sengun 's 2-foot two point shot,29,22,2,11:03,False,0,{'id': '10'},"[{'athlete': {'id': '4871144'}}, {'athlete': {'id': '4066650'}}]",2025-03-16T00:39:08Z,True,"{'x': 27, 'y': 2}",663.0
401705536173,173,"{'id': '155', 'text': 'Defensive Rebound'}",Bulls defensive team rebound,29,22,2,11:03,False,0,{'id': '4'},,2025-03-16T00:39:08Z,False,"{'x': 27, 'y': 2}",663.0
401705536175,175,"{'id': '131', 'text': 'Pullup Jump Shot'}",Jalen Smith misses 25-foot three point pullup jump shot,29,22,2,10:52,False,0,{'id': '4'},[{'athlete': {'id': '4397189'}}],2025-03-16T00:39:41Z,True,"{'x': 24, 'y': 26}",652.0
401705536176,176,"{'id': '155', 'text': 'Defensive Rebound'}",Fred VanVleet defensive rebound,29,22,2,10:52,False,0,{'id': '10'},[{'athlete': {'id': '2991230'}}],2025-03-16T00:39:41Z,False,"{'x': 24, 'y': 26}",652.0
401705536177,177,"{'id': '92', 'text': 'Jump Shot'}",Aaron Holiday misses 26-foot three point jumper,29,22,2,10:37,False,0,{'id': '10'},[{'athlete': {'id': '3922230'}}],2025-03-16T00:39:56Z,True,"{'x': 46, 'y': 16}",637.0
401705536178,178,"{'id': '156', 'text': 'Offensive Rebound'}",Steven Adams offensive rebound,29,22,2,10:34,False,0,{'id': '10'},[{'athlete': {'id': '2991235'}}],2025-03-16T00:39:59Z,False,"{'x': 46, 'y': 16}",634.0
401705536179,179,"{'id': '62', 'text': 'Bad Pass\nTurnover'}",Steven Adams bad pass (Dalen Terry steals),29,22,2,10:32,False,0,{'id': '10'},"[{'athlete': {'id': '2991235'}}, {'athlete': {'id': '4433159'}}]",2025-03-16T00:40:01Z,False,"{'x': 5, 'y': 40}",632.0
401705536181,181,"{'id': '129', 'text': 'Running Finger Roll Layup'}",Dalen Terry makes two point shot,31,22,2,10:28,True,2,{'id': '4'},[{'athlete': {'id': '4433159'}}],2025-03-16T00:40:04Z,True,"{'x': 27, 'y': 1}",628.0
401705536182,182,"{'id': '131', 'text': 'Pullup Jump Shot'}",Fred VanVleet makes 26-foot three pointer,31,25,2,10:13,True,3,{'id': '10'},[{'athlete': {'id': '2991230'}}],2025-03-16T00:40:19Z,True,"{'x': 14, 'y': 25}",613.0
401705536183,183,"{'id': '92', 'text': 'Jump Shot'}",Coby White misses 24-foot three point jumper,31,25,2,10:05,False,0,{'id': '4'},[{'athlete': {'id': '4395651'}}],2025-03-16T00:40:27Z,True,"{'x': 5, 'y': 15}",605.0
401705536184,184,"{'id': '155', 'text': 'Defensive Rebound'}",Steven Adams defensive rebound,31,25,2,10:02,False,0,{'id': '10'},[{'athlete': {'id': '2991235'}}],2025-03-16T00:40:30Z,False,"{'x': 5, 'y': 15}",602.0
401705536185,185,"{'id': '92', 'text': 'Jump Shot'}",Fred VanVleet makes 27-foot three point jumper (Jabari Smith Jr. assists),31,28,2,9:45,True,3,{'id': '10'},"[{'athlete': {'id': '2991230'}}, {'athlete': {'id': '4432639'}}]",2025-03-16T00:40:47Z,True,"{'x': 5, 'y': 18}",585.0
401705536187,187,"{'id': '131', 'text': 'Pullup Jump Shot'}",Patrick Williams makes 13-foot pullup jump shot,33,28,2,9:27,True,2,{'id': '4'},[{'athlete': {'id': '4431687'}}],2025-03-16T00:41:05Z,True,"{'x': 32, 'y': 12}",567.0
401705536188,188,"{'id': '141', 'text': 'Cutting Layup Shot'}",Alperen Sengun misses layup,33,28,2,9:08,False,0,{'id': '10'},[{'athlete': {'id': '4871144'}}],2025-03-16T00:41:24Z,True,"{'x': 25, 'y': 7}",548.0
401705536189,189,"{'id': '156', 'text': 'Offensive Rebound'}",Alperen Sengun offensive rebound,33,28,2,9:07,False,0,{'id': '10'},[{'athlete': {'id': '4871144'}}],2025-03-16T00:41:26Z,False,"{'x': 25, 'y': 7}",547.0
401705536190,190,"{'id': '44', 'text': 'Shooting Foul'}",Zach Collins shooting foul,33,28,2,9:07,False,0,{'id': '4'},[{'athlete': {'id': '4066650'}}],2025-03-16T00:41:30Z,False,"{'x': 28, 'y': 6}",547.0
401705536192,192,"{'id': '98', 'text': 'Free Throw - 1 of 2'}",Jabari Smith Jr. misses free throw 1 of 2,33,28,2,9:07,False,0,{'id': '10'},[{'athlete': {'id': '4432639'}}],2025-03-16T00:41:58Z,True,"{'x': -214748340, 'y': -214748365}",547.0
401705536193,193,"{'id': '156', 'text': 'Offensive Rebound'}",Rockets offensive team rebound,33,28,2,9:07,False,0,{'id': '10'},,2025-03-16T00:41:58Z,False,"{'x': -214748340, 'y': -214748365}",547.0
401705536194,194,"{'id': '584', 'text': 'Substitution'}",Jae'Sean Tate enters the game for Steven Adams,33,28,2,9:07,False,0,{'id': '10'},"[{'athlete': {'id': '3136777'}}, {'athlete': {'id': '2991235'}}]",2025-03-16T00:41:59Z,False,"{'x': -214748340, 'y': -214748365}",547.0
401705536195,195,"{'id': '584', 'text': 'Substitution'}",Tre Jones enters the game for Dalen Terry,33,28,2,9:07,False,0,{'id': '4'},"[{'athlete': {'id': '4395626'}}, {'athlete': {'id': '4433159'}}]",2025-03-16T00:41:59Z,False,"{'x': -214748340, 'y': -214748365}",547.0
401705536198,198,"{'id': '99', 'text': 'Free Throw - 2 of 2'}",Jabari Smith Jr. makes free throw 2 of 2,33,29,2,9:07,True,1,{'id': '10'},[{'athlete': {'id': '4432639'}}],2025-03-16T00:42:24Z,True,"{'x': -214748340, 'y': -214748365}",547.0
401705536199,199,"{'id': '110', 'text': 'Driving Layup Shot'}",Coby White makes driving layup,35,29,2,8:57,True,2,{'id': '4'},[{'athlete': {'id': '4395651'}}],2025-03-16T00:42:37Z,True,"{'x': 24, 'y': 2}",537.0
401705536200,200,"{'id': '131', 'text': 'Pullup Jump Shot'}",Fred VanVleet makes 15-foot pullup jump shot (Alperen Sengun assists),35,31,2,8:47,True,2,{'id': '10'},"[{'athlete': {'id': '2991230'}}, {'athlete': {'id': '4871144'}}]",2025-03-16T00:42:47Z,True,"{'x': 28, 'y': 16}",527.0
401705536202,202,"{'id': '16', 'text': 'Full Timeout'}",Bulls Full timeout,35,31,2,8:46,False,0,{'id': '4'},,2025-03-16T00:42:53Z,False,"{'x': -214748340, 'y': -214748365}",526.0
401705536203,203,"{'id': '584', 'text': 'Substitution'}",Jeff Green enters the game for Jabari Smith Jr.,35,31,2,8:46,False,0,{'id': '10'},"[{'athlete': {'id': '3209'}}, {'athlete': {'id': '4432639'}}]",2025-03-16T00:44:39Z,False,"{'x': -214748340, 'y': -214748365}",526.0
401705536205,205,"{'id': '92', 'text': 'Jump Shot'}",Jalen Smith misses 24-foot three point jumper,35,31,2,8:28,False,0,{'id': '4'},[{'athlete': {'id': '4397189'}}],2025-03-16T00:46:01Z,True,"{'x': 28, 'y': 25}",508.0
401705536206,206,"{'id': '155', 'text': 'Defensive Rebound'}",Alperen Sengun defensive rebound,35,31,2,8:26,False,0,{'id': '10'},[{'athlete': {'id': '4871144'}}],2025-03-16T00:46:03Z,False,"{'x': 28, 'y': 25}",506.0
401705536207,207,"{'id': '92', 'text': 'Jump Shot'}",Jae'Sean Tate misses 23-foot three point jumper,35,31,2,8:14,False,0,{'id': '10'},[{'athlete': {'id': '3136777'}}],2025-03-16T00:46:15Z,True,"{'x': 2, 'y': 4}",494.0
401705536208,208,"{'id': '155', 'text': 'Defensive Rebound'}",Jalen Smith defensive rebound,35,31,2,8:14,False,0,{'id': '4'},[{'athlete': {'id': '4397189'}}],2025-03-16T00:46:15Z,False,"{'x': 2, 'y': 4}",494.0
401705536209,209,"{'id': '133', 'text': 'Pullup Bank Jump Shot'}",Coby White makes 9-foot two point shot,37,31,2,8:05,True,2,{'id': '4'},[{'athlete': {'id': '4395651'}}],2025-03-16T00:46:24Z,True,"{'x': 16, 'y': 5}",485.0
401705536210,210,"{'id': '131', 'text': 'Pullup Jump Shot'}",Fred VanVleet misses 24-foot three point pullup jump shot,37,31,2,7:50,False,0,{'id': '10'},[{'athlete': {'id': '2991230'}}],2025-03-16T00:46:39Z,True,"{'x': 30, 'y': 24}",470.0
401705536211,211,"{'id': '155', 'text': 'Defensive Rebound'}",Jalen Smith defensive rebound,37,31,2,7:50,False,0,{'id': '4'},[{'athlete': {'id': '4397189'}}],2025-03-16T00:46:39Z,False,"{'x': 30, 'y': 24}",470.0
401705536212,212,"{'id': '131', 'text': 'Pullup Jump Shot'}",Tre Jones makes 16-foot pullup jump shot,39,31,2,7:30,True,2,{'id': '4'},[{'athlete': {'id': '4395626'}}],2025-03-16T00:46:59Z,True,"{'x': 29, 'y': 16}",450.0
401705536214,214,"{'id': '144', 'text': 'Driving Floating Jump Shot'}",Fred VanVleet makes 11-foot driving floating jump shot,39,33,2,7:15,True,2,{'id': '10'},[{'athlete': {'id': '2991230'}}],2025-03-16T00:47:14Z,True,"{'x': 15, 'y': 7}",435.0
401705536215,215,"{'id': '126', 'text': 'Layup Driving Reverse'}",Coby White misses two point shot,39,33,2,6:54,False,0,{'id': '4'},[{'athlete': {'id': '4395651'}}],2025-03-16T00:47:36Z,True,"{'x': 27, 'y': 1}",414.0
401705536216,216,"{'id': '156', 'text': 'Offensive Rebound'}",Zach Collins offensive rebound,39,33,2,6:52,False,0,{'id': '4'},[{'athlete': {'id': '4066650'}}],2025-03-16T00:47:38Z,False,"{'x': 27, 'y': 1}",412.0
401705536217,217,"{'id': '94', 'text': 'Tip Shot'}",Zach Collins misses tip shot,39,33,2,6:52,False,0,{'id': '4'},[{'athlete': {'id': '4066650'}}],2025-03-16T00:47:38Z,True,"{'x': 25, 'y': 0}",412.0
401705536218,218,"{'id': '156', 'text': 'Offensive Rebound'}",Zach Collins offensive rebound,39,33,2,6:52,False,0,{'id': '4'},[{'athlete': {'id': '4066650'}}],2025-03-16T00:47:39Z,False,"{'x': 25, 'y': 0}",412.0
401705536219,219,"{'id': '125', 'text': 'Layup Shot Putback'}",Zach Collins makes two point shot,41,33,2,6:52,True,2,{'id': '4'},[{'athlete': {'id': '4066650'}}],2025-03-16T00:47:40Z,True,"{'x': 27, 'y': 0}",412.0
401705536220,220,"{'id': '44', 'text': 'Shooting Foul'}",Jae'Sean Tate shooting foul,41,33,2,6:52,False,0,{'id': '10'},[{'athlete': {'id': '3136777'}}],2025-03-16T00:47:42Z,False,"{'x': 27, 'y': 0}",412.0
401705536222,222,"{'id': '584', 'text': 'Substitution'}",Kevin Huerter enters the game for Coby White,41,33,2,6:52,False,0,{'id': '4'},"[{'athlete': {'id': '4066372'}}, {'athlete': {'id': '4395651'}}]",2025-03-16T00:47:56Z,False,"{'x': -214748340, 'y': -214748365}",412.0
401705536223,223,"{'id': '584', 'text': 'Substitution'}",Matas Buzelis enters the game for Jalen Smith,41,33,2,6:52,False,0,{'id': '4'},"[{'athlete': {'id': '4711294'}}, {'athlete': {'id': '4397189'}}]",2025-03-16T00:47:56Z,False,"{'x': -214748340, 'y': -214748365}",412.0
401705536226,226,"{'id': '584', 'text': 'Substitution'}",Jalen Green enters the game for Aaron Holiday,41,33,2,6:52,False,0,{'id': '10'},"[{'athlete': {'id': '4437244'}}, {'athlete': {'id': '3922230'}}]",2025-03-16T00:47:56Z,False,"{'x': -214748340, 'y': -214748365}",412.0
401705536227,227,"{'id': '584', 'text': 'Substitution'}",Dillon Brooks enters the game for Fred VanVleet,41,33,2,6:52,False,0,{'id': '10'},"[{'athlete': {'id': '3155526'}}, {'athlete': {'id': '2991230'}}]",2025-03-16T00:47:56Z,False,"{'x': -214748340, 'y': -214748365}",412.0
401705536230,230,"{'id': '97', 'text': 'Free Throw - 1 of 1'}",Zach Collins makes free throw 1 of 1,42,33,2,6:52,True,1,{'id': '4'},[{'athlete': {'id': '4066650'}}],2025-03-16T00:48:16Z,True,"{'x': -214748340, 'y': -214748365}",412.0
401705536231,231,"{'id': '120', 'text': 'Turnaround Hook Shot'}",Alperen Sengun misses 7-foot two point shot,42,33,2,6:34,False,0,{'id': '10'},[{'athlete': {'id': '4871144'}}],2025-03-16T00:48:32Z,True,"{'x': 26, 'y': 8}",394.0
401705536232,232,"{'id': '156', 'text': 'Offensive Rebound'}",Rockets offensive team rebound,42,33,2,6:33,False,0,{'id': '10'},,2025-03-16T00:48:33Z,False,"{'x': 26, 'y': 8}",393.0
401705536234,234,"{'id': '584', 'text': 'Substitution'}",Nikola Vucevic enters the game for Zach Collins,42,33,2,6:33,False,0,{'id': '4'},"[{'athlete': {'id': '6478'}}, {'athlete': {'id': '4066650'}}]",2025-03-16T00:48:45Z,False,"{'x': -214748340, 'y': -214748365}",393.0
401705536236,236,"{'id': '92', 'text': 'Jump Shot'}",Jalen Green makes 22-foot three point jumper (Jeff Green assists),42,36,2,6:24,True,3,{'id': '10'},"[{'athlete': {'id': '4437244'}}, {'athlete': {'id': '3209'}}]",2025-03-16T00:49:05Z,True,"{'x': 48, 'y': 3}",384.0
401705536239,239,"{'id': '584', 'text': 'Substitution'}",Steven Adams enters the game for Alperen Sengun,42,36,2,6:09,False,0,{'id': '10'},"[{'athlete': {'id': '2991235'}}, {'athlete': {'id': '4871144'}}]",2025-03-16T00:49:24Z,False,"{'x': -214748340, 'y': -214748365}",369.0
401705536241,241,"{'id': '128', 'text': 'Driving Finger Roll Layup'}",Tre Jones makes 6-foot two point shot,44,36,2,5:58,True,2,{'id': '4'},[{'athlete': {'id': '4395626'}}],2025-03-16T00:49:46Z,True,"{'x': 30, 'y': 5}",358.0
401705536242,242,"{'id': '110', 'text': 'Driving Layup Shot'}",Jae'Sean Tate makes driving layup (Jalen Green assists),44,38,2,5:51,True,2,{'id': '10'},"[{'athlete': {'id': '3136777'}}, {'athlete': {'id': '4437244'}}]",2025-03-16T00:49:55Z,True,"{'x': 17, 'y': 10}",351.0
401705536244,244,"{'id': '9', 'text': 'Defensive Goaltending'}",Patrick Williams defensive goaltending violation,44,38,2,5:51,False,0,{'id': '4'},[{'athlete': {'id': '4431687'}}],2025-03-16T00:49:59Z,False,"{'x': -214748340, 'y': -214748365}",351.0
401705536245,245,"{'id': '92', 'text': 'Jump Shot'}",Nikola Vucevic makes 15-foot jumper (Tre Jones assists),46,38,2,5:42,True,2,{'id': '4'},"[{'athlete': {'id': '6478'}}, {'athlete': {'id': '4395626'}}]",2025-03-16T00:50:20Z,True,"{'x': 31, 'y': 15}",342.0
401705536247,247,"{'id': '92', 'text': 'Jump Shot'}",Dillon Brooks makes 24-foot three point jumper (Jalen Green assists),46,41,2,5:28,True,3,{'id': '10'},"[{'athlete': {'id': '3155526'}}, {'athlete': {'id': '4437244'}}]",2025-03-16T00:50:34Z,True,"{'x': 11, 'y': 21}",328.0
401705536249,249,"{'id': '92', 'text': 'Jump Shot'}",Patrick Williams misses 26-foot three point jumper,46,41,2,5:14,False,0,{'id': '4'},[{'athlete': {'id': '4431687'}}],2025-03-16T00:50:48Z,True,"{'x': 46, 'y': 17}",314.0
401705536250,250,"{'id': '156', 'text': 'Offensive Rebound'}",Nikola Vucevic offensive rebound,46,41,2,5:13,False,0,{'id': '4'},[{'athlete': {'id': '6478'}}],2025-03-16T00:50:49Z,False,"{'x': 46, 'y': 17}",313.0
401705536252,252,"{'id': '44', 'text': 'Shooting Foul'}",Dillon Brooks shooting foul,46,41,2,5:04,False,0,{'id': '10'},[{'athlete': {'id': '3155526'}}],2025-03-16T00:51:19Z,False,"{'x': 30, 'y': 1}",304.0
401705536254,254,"{'id': '98', 'text': 'Free Throw - 1 of 2'}",Tre Jones misses free throw 1 of 2,46,41,2,5:04,False,0,{'id': '4'},[{'athlete': {'id': '4395626'}}],2025-03-16T00:51:40Z,True,"{'x': -214748340, 'y': -214748365}",304.0
401705536255,255,"{'id': '156', 'text': 'Offensive Rebound'}",Bulls offensive team rebound,46,41,2,5:04,False,0,{'id': '4'},,2025-03-16T00:51:40Z,False,"{'x': -214748340, 'y': -214748365}",304.0
401705536256,256,"{'id': '99', 'text': 'Free Throw - 2 of 2'}",Tre Jones makes free throw 2 of 2,47,41,2,5:04,True,1,{'id': '4'},[{'athlete': {'id': '4395626'}}],2025-03-16T00:51:56Z,True,"{'x': -214748340, 'y': -214748365}",304.0
401705536257,257,"{'id': '115', 'text': 'Driving Dunk Shot'}",Jeff Green makes 1-foot driving dunk (Jalen Green assists),47,43,2,4:50,True,2,{'id': '10'},"[{'athlete': {'id': '3209'}}, {'athlete': {'id': '4437244'}}]",2025-03-16T00:52:11Z,True,"{'x': 27, 'y': 1}",290.0
401705536259,259,"{'id': '92', 'text': 'Jump Shot'}",Matas Buzelis misses 25-foot three point jumper,47,43,2,4:40,False,0,{'id': '4'},[{'athlete': {'id': '4711294'}}],2025-03-16T00:52:21Z,True,"{'x': 39, 'y': 22}",280.0
401705536260,260,"{'id': '155', 'text': 'Defensive Rebound'}",Rockets defensive team rebound,47,43,2,4:39,False,0,{'id': '10'},,2025-03-16T00:52:22Z,False,"{'x': 39, 'y': 22}",279.0
401705536262,262,"{'id': '584', 'text': 'Substitution'}",Julian Phillips enters the game for Patrick Williams,47,43,2,4:39,False,0,{'id': '4'},"[{'athlete': {'id': '5105553'}}, {'athlete': {'id': '4431687'}}]",2025-03-16T00:52:33Z,False,"{'x': -214748340, 'y': -214748365}",279.0
401705536265,265,"{'id': '126', 'text': 'Layup Driving Reverse'}",Jalen Green makes two point shot,47,45,2,4:19,True,2,{'id': '10'},[{'athlete': {'id': '4437244'}}],2025-03-16T00:53:19Z,True,"{'x': 27, 'y': 1}",259.0
401705536266,266,"{'id': '110', 'text': 'Driving Layup Shot'}",Jae'Sean Tate blocks Julian Phillips 's 1-foot driving layup,47,45,2,4:15,False,0,{'id': '4'},"[{'athlete': {'id': '5105553'}}, {'athlete': {'id': '3136777'}}]",2025-03-16T00:53:25Z,True,"{'x': 24, 'y': 1}",255.0
401705536268,268,"{'id': '156', 'text': 'Offensive Rebound'}",Bulls offensive team rebound,47,45,2,4:15,False,0,{'id': '4'},,2025-03-16T00:53:25Z,False,"{'x': 24, 'y': 1}",255.0
401705536270,270,"{'id': '584', 'text': 'Substitution'}",Fred VanVleet enters the game for Jae'Sean Tate,47,45,2,4:15,False,0,{'id': '10'},"[{'athlete': {'id': '2991230'}}, {'athlete': {'id': '3136777'}}]",2025-03-16T00:53:33Z,False,"{'x': -214748340, 'y': -214748365}",255.0
401705536271,271,"{'id': '584', 'text': 'Substitution'}",Jabari Smith Jr. enters the game for Jeff Green,47,45,2,4:15,False,0,{'id': '10'},"[{'athlete': {'id': '4432639'}}, {'athlete': {'id': '3209'}}]",2025-03-16T00:53:33Z,False,"{'x': -214748340, 'y': -214748365}",255.0
401705536272,272,"{'id': '584', 'text': 'Substitution'}",Coby White enters the game for Tre Jones,47,45,2,4:15,False,0,{'id': '4'},"[{'athlete': {'id': '4395651'}}, {'athlete': {'id': '4395626'}}]",2025-03-16T00:53:33Z,False,"{'x': -214748340, 'y': -214748365}",255.0
401705536276,276,"{'id': '62', 'text': 'Bad Pass\nTurnover'}",Kevin Huerter bad pass (Jabari Smith Jr. steals),47,45,2,4:08,False,0,{'id': '4'},"[{'athlete': {'id': '4066372'}}, {'athlete': {'id': '4432639'}}]",2025-03-16T00:53:52Z,False,"{'x': 23, 'y': 9}",248.0
401705536278,278,"{'id': '132', 'text': 'Step Back Jump Shot'}",Jalen Green makes 25-foot three point step back jumpshot (Fred VanVleet assists),47,48,2,4:01,True,3,{'id': '10'},"[{'athlete': {'id': '4437244'}}, {'athlete': {'id': '2991230'}}]",2025-03-16T00:53:59Z,True,"{'x': 28, 'y': 26}",241.0
401705536280,280,"{'id': '44', 'text': 'Shooting Foul'}",Dillon Brooks shooting foul,47,48,2,3:52,False,0,{'id': '10'},[{'athlete': {'id': '3155526'}}],2025-03-16T00:54:09Z,False,"{'x': 35, 'y': 5}",232.0
401705536282,282,"{'id': '98', 'text': 'Free Throw - 1 of 2'}",Coby White makes free throw 1 of 2,48,48,2,3:52,True,1,{'id': '4'},[{'athlete': {'id': '4395651'}}],2025-03-16T00:54:42Z,True,"{'x': -214748340, 'y': -214748365}",232.0
401705536283,283,"{'id': '99', 'text': 'Free Throw - 2 of 2'}",Coby White makes free throw 2 of 2,49,48,2,3:52,True,1,{'id': '4'},[{'athlete': {'id': '4395651'}}],2025-03-16T00:54:55Z,True,"{'x': -214748340, 'y': -214748365}",232.0
401705536284,284,"{'id': '62', 'text': 'Bad Pass\nTurnover'}",Jalen Green bad pass (Matas Buzelis steals),49,48,2,3:35,False,0,{'id': '10'},"[{'athlete': {'id': '4437244'}}, {'athlete': {'id': '4711294'}}]",2025-03-16T00:55:14Z,False,"{'x': 37, 'y': 6}",215.0
401705536286,286,"{'id': '109', 'text': 'Running Layup Shot'}",Matas Buzelis misses two point shot,49,48,2,3:29,False,0,{'id': '4'},[{'athlete': {'id': '4711294'}}],2025-03-16T00:55:20Z,True,"{'x': 24, 'y': 0}",209.0
401705536287,287,"{'id': '155', 'text': 'Defensive Rebound'}",Jabari Smith Jr. defensive rebound,49,48,2,3:25,False,0,{'id': '10'},[{'athlete': {'id': '4432639'}}],2025-03-16T00:55:24Z,False,"{'x': 24, 'y': 0}",205.0
401705536288,288,"{'id': '63', 'text': 'Lost Ball Turnover'}",Fred VanVleet lost ball turnover (Kevin Huerter steals),49,48,2,3:19,False,0,{'id': '10'},"[{'athlete': {'id': '2991230'}}, {'athlete': {'id': '4066372'}}]",2025-03-16T00:55:29Z,False,"{'x': 37, 'y': 11}",199.0
401705536290,290,"{'id': '116', 'text': 'Running Dunk Shot'}",Matas Buzelis makes 1-foot dunk (Kevin Huerter assists),51,48,2,3:16,True,2,{'id': '4'},"[{'athlete': {'id': '4711294'}}, {'athlete': {'id': '4066372'}}]",2025-03-16T00:55:33Z,True,"{'x': 26, 'y': 2}",196.0
401705536292,292,"{'id': '63', 'text': 'Lost Ball Turnover'}",Dillon Brooks lost ball turnover (Julian Phillips steals),51,48,2,3:07,False,0,{'id': '10'},"[{'athlete': {'id': '3155526'}}, {'athlete': {'id': '5105553'}}]",2025-03-16T00:55:42Z,False,"{'x': 37, 'y': 9}",187.0
401705536294,294,"{'id': '109', 'text': 'Running Layup Shot'}",Julian Phillips makes two point shot,53,48,2,3:03,True,2,{'id': '4'},[{'athlete': {'id': '5105553'}}],2025-03-16T00:55:49Z,True,"{'x': 27, 'y': 1}",183.0
401705536295,295,"{'id': '44', 'text': 'Shooting Foul'}",Jalen Green shooting foul,53,48,2,3:03,False,0,{'id': '10'},[{'athlete': {'id': '4437244'}}],2025-03-16T00:55:56Z,False,"{'x': 27, 'y': 1}",183.0
401705536297,297,"{'id': '97', 'text': 'Free Throw - 1 of 1'}",Julian Phillips makes free throw 1 of 1,54,48,2,3:03,True,1,{'id': '4'},[{'athlete': {'id': '5105553'}}],2025-03-16T00:56:15Z,True,"{'x': -214748340, 'y': -214748365}",183.0
401705536299,299,"{'id': '16', 'text': 'Full Timeout'}",Rockets Full timeout,54,48,2,2:48,False,0,{'id': '10'},,2025-03-16T00:56:43Z,False,"{'x': -214748340, 'y': -214748365}",168.0
401705536300,300,"{'id': '584', 'text': 'Substitution'}",Alperen Sengun enters the game for Steven Adams,54,48,2,2:48,False,0,{'id': '10'},"[{'athlete': {'id': '4871144'}}, {'athlete': {'id': '2991235'}}]",2025-03-16T00:58:45Z,False,"{'x': -214748340, 'y': -214748365}",168.0
401705536301,301,"{'id': '584', 'text': 'Substitution'}",Tre Jones enters the game for Julian Phillips,54,48,2,2:48,False,0,{'id': '4'},"[{'athlete': {'id': '4395626'}}, {'athlete': {'id': '5105553'}}]",2025-03-16T00:58:45Z,False,"{'x': -214748340, 'y': -214748365}",168.0
401705536304,304,"{'id': '132', 'text': 'Step Back Jump Shot'}",Fred VanVleet misses 20-foot step back jumpshot,54,48,2,2:43,False,0,{'id': '10'},[{'athlete': {'id': '2991230'}}],2025-03-16T00:59:43Z,True,"{'x': 5, 'y': 3}",163.0
401705536305,305,"{'id': '156', 'text': 'Offensive Rebound'}",Alperen Sengun offensive rebound,54,48,2,2:39,False,0,{'id': '10'},[{'athlete': {'id': '4871144'}}],2025-03-16T00:59:47Z,False,"{'x': 5, 'y': 3}",159.0
401705536306,306,"{'id': '125', 'text': 'Layup Shot Putback'}",Alperen Sengun makes two point shot,54,50,2,2:38,True,2,{'id': '10'},[{'athlete': {'id': '4871144'}}],2025-03-16T00:59:48Z,True,"{'x': 23, 'y': 1}",158.0
401705536307,307,"{'id': '92', 'text': 'Jump Shot'}",Tre Jones makes 22-foot three point jumper (Nikola Vucevic assists),57,50,2,2:24,True,3,{'id': '4'},"[{'athlete': {'id': '4395626'}}, {'athlete': {'id': '6478'}}]",2025-03-16T01:00:02Z,True,"{'x': 2, 'y': 2}",144.0
401705536309,309,"{'id': '92', 'text': 'Jump Shot'}",Alperen Sengun misses 17-foot jumper,57,50,2,2:07,False,0,{'id': '10'},[{'athlete': {'id': '4871144'}}],2025-03-16T01:00:19Z,True,"{'x': 14, 'y': 13}",127.0
401705536310,310,"{'id': '155', 'text': 'Defensive Rebound'}",Coby White defensive rebound,57,50,2,2:06,False,0,{'id': '4'},[{'athlete': {'id': '4395651'}}],2025-03-16T01:00:20Z,False,"{'x': 14, 'y': 13}",126.0
401705536311,311,"{'id': '148', 'text': 'Turnaround Fadeaway Bank Jump Shot'}",Coby White makes 6-foot two point shot,59,50,2,1:57,True,2,{'id': '4'},[{'athlete': {'id': '4395651'}}],2025-03-16T01:00:30Z,True,"{'x': 31, 'y': 3}",117.0
401705536312,312,"{'id': '128', 'text': 'Driving Finger Roll Layup'}",Alperen Sengun makes 1-foot two point shot (Fred VanVleet assists),59,52,2,1:40,True,2,{'id': '10'},"[{'athlete': {'id': '4871144'}}, {'athlete': {'id': '2991230'}}]",2025-03-16T01:00:46Z,True,"{'x': 24, 'y': 1}",100.0
401705536314,314,"{'id': '45', 'text': 'Personal Foul'}",Dillon Brooks personal foul,59,52,2,1:32,False,0,{'id': '10'},[{'athlete': {'id': '3155526'}}],2025-03-16T01:00:58Z,False,"{'x': 32, 'y': 9}",92.0
401705536316,316,"{'id': '98', 'text': 'Free Throw - 1 of 2'}",Coby White makes free throw 1 of 2,60,52,2,1:32,True,1,{'id': '4'},[{'athlete': {'id': '4395651'}}],2025-03-16T01:01:26Z,True,"{'x': -214748340, 'y': -214748365}",92.0
401705536317,317,"{'id': '584', 'text': 'Substitution'}",Aaron Holiday enters the game for Dillon Brooks,60,52,2,1:32,False,0,{'id': '10'},"[{'athlete': {'id': '3922230'}}, {'athlete': {'id': '3155526'}}]",2025-03-16T01:01:27Z,False,"{'x': -214748340, 'y': -214748365}",92.0
401705536318,318,"{'id': '584', 'text': 'Substitution'}",Julian Phillips enters the game for Matas Buzelis,60,52,2,1:32,False,0,{'id': '4'},"[{'athlete': {'id': '5105553'}}, {'athlete': {'id': '4711294'}}]",2025-03-16T01:01:27Z,False,"{'x': -214748340, 'y': -214748365}",92.0
401705536321,321,"{'id': '99', 'text': 'Free Throw - 2 of 2'}",Coby White makes free throw 2 of 2,61,52,2,1:32,True,1,{'id': '4'},[{'athlete': {'id': '4395651'}}],2025-03-16T01:01:44Z,True,"{'x': -214748340, 'y': -214748365}",92.0
401705536322,322,"{'id': '131', 'text': 'Pullup Jump Shot'}",Jabari Smith Jr. misses 14-foot pullup jump shot,61,52,2,1:13,False,0,{'id': '10'},[{'athlete': {'id': '4432639'}}],2025-03-16T01:02:07Z,True,"{'x': 22, 'y': 14}",73.0
401705536323,323,"{'id': '155', 'text': 'Defensive Rebound'}",Coby White defensive rebound,61,52,2,1:11,False,0,{'id': '4'},[{'athlete': {'id': '4395651'}}],2025-03-16T01:02:09Z,False,"{'x': 22, 'y': 14}",71.0
401705536324,324,"{'id': '109', 'text': 'Running Layup Shot'}",Kevin Huerter makes two point shot (Tre Jones assists),63,52,2,1:06,True,2,{'id': '4'},"[{'athlete': {'id': '4066372'}}, {'athlete': {'id': '4395626'}}]",2025-03-16T01:02:14Z,True,"{'x': 25, 'y': 0}",66.0
401705536326,326,"{'id': '92', 'text': 'Jump Shot'}",Fred VanVleet makes 25-foot three point jumper (Alperen Sengun assists),63,55,2,50.1,True,3,{'id': '10'},"[{'athlete': {'id': '2991230'}}, {'athlete': {'id': '4871144'}}]",2025-03-16T01:02:29Z,True,"{'x': 45, 'y': 17}",50.1
401705536328,328,"{'id': '128', 'text': 'Driving Finger Roll Layup'}",Kevin Huerter makes 6-foot two point shot (Nikola Vucevic assists),65,55,2,31.1,True,2,{'id': '4'},"[{'athlete': {'id': '4066372'}}, {'athlete': {'id': '6478'}}]",2025-03-16T01:02:53Z,True,"{'x': 31, 'y': 1}",31.1
401705536330,330,"{'id': '44', 'text': 'Shooting Foul'}",Nikola Vucevic shooting foul,65,55,2,28.0,False,0,{'id': '4'},[{'athlete': {'id': '6478'}}],2025-03-16T01:03:09Z,False,"{'x': 33, 'y': 5}",28.0
401705536332,332,"{'id': '98', 'text': 'Free Throw - 1 of 2'}",Fred VanVleet makes free throw 1 of 2,65,56,2,28.0,True,1,{'id': '10'},[{'athlete': {'id': '2991230'}}],2025-03-16T01:03:28Z,True,"{'x': -214748340, 'y': -214748365}",28.0
401705536333,333,"{'id': '584', 'text': 'Substitution'}",Jae'Sean Tate enters the game for Alperen Sengun,65,56,2,28.0,False,0,{'id': '10'},"[{'athlete': {'id': '3136777'}}, {'athlete': {'id': '4871144'}}]",2025-03-16T01:03:28Z,False,"{'x': -214748340, 'y': -214748365}",28.0
401705536335,335,"{'id': '99', 'text': 'Free Throw - 2 of 2'}",Fred VanVleet makes free throw 2 of 2,65,57,2,28.0,True,1,{'id': '10'},[{'athlete': {'id': '2991230'}}],2025-03-16T01:03:43Z,True,"{'x': -214748340, 'y': -214748365}",28.0
401705536336,336,"{'id': '120', 'text': 'Turnaround Hook Shot'}",Nikola Vucevic misses 5-foot two point shot,65,57,2,7.0,False,0,{'id': '4'},[{'athlete': {'id': '6478'}}],2025-03-16T01:04:09Z,True,"{'x': 26, 'y': 6}",7.0
401705536337,337,"{'id': '155', 'text': 'Defensive Rebound'}",Jabari Smith Jr. defensive rebound,65,57,2,6.1,False,0,{'id': '10'},[{'athlete': {'id': '4432639'}}],2025-03-16T01:04:10Z,False,"{'x': 26, 'y': 6}",6.1
401705536338,338,"{'id': '131', 'text': 'Pullup Jump Shot'}",Fred VanVleet makes 27-foot three pointer,65,60,2,0.0,True,3,{'id': '10'},[{'athlete': {'id': '2991230'}}],2025-03-16T01:04:18Z,True,"{'x': 48, 'y': 17}",0.0
401705536340,340,"{'id': '278', 'text': 'Ref-Initiated Review (Supported)'}",(00:00) [Bulls] REF-INITIATED REVIEW (REPLAY SUPPORTS CALL),65,60,2,0.0,False,0,,,2025-03-16T01:04:55Z,False,"{'x': -214748340, 'y': -214748365}",0.0
401705536341,341,"{'id': '412', 'text': 'End Period'}",End of the 2nd Quarter,65,60,2,0.0,False,0,,,2025-03-16T01:05:09Z,False,"{'x': -214748340, 'y': -214748365}",0.0
401705536342,342,"{'id': '584', 'text': 'Substitution'}",Alperen Sengun enters the game for Aaron Holiday,65,60,3,12:00,False,0,{'id': '10'},"[{'athlete': {'id': '4871144'}}, {'athlete': {'id': '3922230'}}]",2025-03-16T01:18:55Z,False,"{'x': -214748340, 'y': -214748365}",720.0
401705536343,343,"{'id': '584', 'text': 'Substitution'}",Dillon Brooks enters the game for Jae'Sean Tate,65,60,3,12:00,False,0,{'id': '10'},"[{'athlete': {'id': '3155526'}}, {'athlete': {'id': '3136777'}}]",2025-03-16T01:18:55Z,False,"{'x': -214748340, 'y': -214748365}",720.0
401705536344,344,"{'id': '584', 'text': 'Substitution'}",Matas Buzelis enters the game for Julian Phillips,65,60,3,12:00,False,0,{'id': '4'},"[{'athlete': {'id': '4711294'}}, {'athlete': {'id': '5105553'}}]",2025-03-16T01:18:55Z,False,"{'x': -214748340, 'y': -214748365}",720.0
401705536349,349,"{'id': '92', 'text': 'Jump Shot'}",Jabari Smith Jr. misses 25-foot three point jumper,65,60,3,11:49,False,0,{'id': '10'},[{'athlete': {'id': '4432639'}}],2025-03-16T01:19:50Z,True,"{'x': 20, 'y': 25}",709.0
401705536350,350,"{'id': '155', 'text': 'Defensive Rebound'}",Coby White defensive rebound,65,60,3,11:47,False,0,{'id': '4'},[{'athlete': {'id': '4395651'}}],2025-03-16T01:19:52Z,False,"{'x': 20, 'y': 25}",707.0
401705536351,351,"{'id': '129', 'text': 'Running Finger Roll Layup'}",Coby White misses two point shot,65,60,3,11:41,False,0,{'id': '4'},[{'athlete': {'id': '4395651'}}],2025-03-16T01:19:58Z,True,"{'x': 24, 'y': 1}",701.0
401705536352,352,"{'id': '155', 'text': 'Defensive Rebound'}",Jabari Smith Jr. defensive rebound,65,60,3,11:39,False,0,{'id': '10'},[{'athlete': {'id': '4432639'}}],2025-03-16T01:20:00Z,False,"{'x': 24, 'y': 1}",699.0
401705536353,353,"{'id': '44', 'text': 'Shooting Foul'}",Kevin Huerter shooting foul,65,60,3,11:35,False,0,{'id': '4'},[{'athlete': {'id': '4066372'}}],2025-03-16T01:20:07Z,False,"{'x': 33, 'y': 4}",695.0
401705536355,355,"{'id': '98', 'text': 'Free Throw - 1 of 2'}",Fred VanVleet misses free throw 1 of 2,65,60,3,11:35,False,0,{'id': '10'},[{'athlete': {'id': '2991230'}}],2025-03-16T01:20:26Z,True,"{'x': -214748340, 'y': -214748365}",695.0
401705536356,356,"{'id': '156', 'text': 'Offensive Rebound'}",Rockets offensive team rebound,65,60,3,11:35,False,0,{'id': '10'},,2025-03-16T01:20:26Z,False,"{'x': -214748340, 'y': -214748365}",695.0
401705536357,357,"{'id': '99', 'text': 'Free Throw - 2 of 2'}",Fred VanVleet misses free throw 2 of 2,65,60,3,11:35,False,0,{'id': '10'},[{'athlete': {'id': '2991230'}}],2025-03-16T01:20:26Z,True,"{'x': -214748340, 'y': -214748365}",695.0
401705536358,358,"{'id': '155', 'text': 'Defensive Rebound'}",Matas Buzelis defensive rebound,65,60,3,11:35,False,0,{'id': '4'},[{'athlete': {'id': '4711294'}}],2025-03-16T01:20:26Z,False,"{'x': -214748340, 'y': -214748365}",695.0
401705536359,359,"{'id': '90', 'text': 'Out of Bounds - Bad Pass Turnover'}",Coby White out of bounds bad pass turnover,65,60,3,11:22,False,0,{'id': '4'},[{'athlete': {'id': '4395651'}}],2025-03-16T01:20:52Z,False,"{'x': 2, 'y': 10}",682.0
401705536360,360,"{'id': '113', 'text': 'Running Jump Shot'}",Dillon Brooks misses 25-foot three point shot,65,60,3,11:18,False,0,{'id': '10'},[{'athlete': {'id': '3155526'}}],2025-03-16T01:20:58Z,True,"{'x': 48, 'y': 13}",678.0
401705536361,361,"{'id': '155', 'text': 'Defensive Rebound'}",Matas Buzelis defensive rebound,65,60,3,11:17,False,0,{'id': '4'},[{'athlete': {'id': '4711294'}}],2025-03-16T01:20:59Z,False,"{'x': 48, 'y': 13}",677.0
401705536362,362,"{'id': '45', 'text': 'Personal Foul'}",Jabari Smith Jr. personal foul,65,60,3,11:17,False,0,{'id': '10'},[{'athlete': {'id': '4432639'}}],2025-03-16T01:21:08Z,False,"{'x': 31, 'y': 9}",677.0
401705536364,364,"{'id': '92', 'text': 'Jump Shot'}",Nikola Vucevic misses 25-foot three point jumper,65,60,3,11:03,False,0,{'id': '4'},[{'athlete': {'id': '6478'}}],2025-03-16T01:21:24Z,True,"{'x': 38, 'y': 22}",663.0
401705536365,365,"{'id': '155', 'text': 'Defensive Rebound'}",Dillon Brooks defensive rebound,65,60,3,11:02,False,0,{'id': '10'},[{'athlete': {'id': '3155526'}}],2025-03-16T01:21:25Z,False,"{'x': 38, 'y': 22}",662.0
401705536366,366,"{'id': '95', 'text': 'Layup Shot'}",Alperen Sengun makes layup (Dillon Brooks assists),65,62,3,10:53,True,2,{'id': '10'},"[{'athlete': {'id': '4871144'}}, {'athlete': {'id': '3155526'}}]",2025-03-16T01:21:34Z,True,"{'x': 24, 'y': 1}",653.0
401705536368,368,"{'id': '92', 'text': 'Jump Shot'}",Matas Buzelis misses 25-foot three point jumper,65,62,3,10:42,False,0,{'id': '4'},[{'athlete': {'id': '4711294'}}],2025-03-16T01:21:44Z,True,"{'x': 42, 'y': 19}",642.0
401705536369,369,"{'id': '155', 'text': 'Defensive Rebound'}",Jalen Green defensive rebound,65,62,3,10:41,False,0,{'id': '10'},[{'athlete': {'id': '4437244'}}],2025-03-16T01:21:45Z,False,"{'x': 42, 'y': 19}",641.0
401705536370,370,"{'id': '113', 'text': 'Running Jump Shot'}",Fred VanVleet misses 26-foot three point shot,65,62,3,10:34,False,0,{'id': '10'},[{'athlete': {'id': '2991230'}}],2025-03-16T01:21:53Z,True,"{'x': 41, 'y': 22}",634.0
401705536371,371,"{'id': '156', 'text': 'Offensive Rebound'}",Rockets offensive team rebound,65,62,3,10:32,False,0,{'id': '10'},,2025-03-16T01:21:55Z,False,"{'x': 41, 'y': 22}",632.0
401705536373,373,"{'id': '121', 'text': 'Fade Away Jump Shot'}",Jalen Green makes 20-foot two point shot (Fred VanVleet assists),65,64,3,10:29,True,2,{'id': '10'},"[{'athlete': {'id': '4437244'}}, {'athlete': {'id': '2991230'}}]",2025-03-16T01:22:09Z,True,"{'x': 46, 'y': 1}",629.0
401705536376,376,"{'id': '45', 'text': 'Personal Foul'}",Jabari Smith Jr. personal foul,65,64,3,10:23,False,0,{'id': '10'},[{'athlete': {'id': '4432639'}}],2025-03-16T01:22:28Z,False,"{'x': 6, 'y': 5}",623.0
401705536378,378,"{'id': '145', 'text': 'Driving Floating Bank Jump Shot'}",Tre Jones makes 8-foot two point shot,67,64,3,10:13,True,2,{'id': '4'},[{'athlete': {'id': '4395626'}}],2025-03-16T01:22:44Z,True,"{'x': 18, 'y': 4}",613.0
401705536379,379,"{'id': '45', 'text': 'Personal Foul'}",Nikola Vucevic personal foul,67,64,3,10:03,False,0,{'id': '4'},[{'athlete': {'id': '6478'}}],2025-03-16T01:22:57Z,False,"{'x': 20, 'y': 17}",603.0
401705536381,381,"{'id': '115', 'text': 'Driving Dunk Shot'}",Alperen Sengun makes 2-foot driving dunk (Fred VanVleet assists),67,66,3,9:54,True,2,{'id': '10'},"[{'athlete': {'id': '4871144'}}, {'athlete': {'id': '2991230'}}]",2025-03-16T01:23:29Z,True,"{'x': 25, 'y': 2}",594.0
401705536383,383,"{'id': '92', 'text': 'Jump Shot'}",Matas Buzelis misses 24-foot three point jumper,67,66,3,9:43,False,0,{'id': '4'},[{'athlete': {'id': '4711294'}}],2025-03-16T01:23:39Z,True,"{'x': 9, 'y': 19}",583.0
401705536384,384,"{'id': '155', 'text': 'Defensive Rebound'}",Dillon Brooks defensive rebound,67,66,3,9:41,False,0,{'id': '10'},[{'athlete': {'id': '3155526'}}],2025-03-16T01:23:41Z,False,"{'x': 9, 'y': 19}",581.0
401705536385,385,"{'id': '45', 'text': 'Personal Foul'}",Kevin Huerter personal foul,67,66,3,9:41,False,0,{'id': '4'},[{'athlete': {'id': '4066372'}}],2025-03-16T01:23:46Z,False,"{'x': 36, 'y': 16}",581.0
401705536387,387,"{'id': '120', 'text': 'Turnaround Hook Shot'}",Alperen Sengun makes 2-foot two point shot,67,68,3,9:27,True,2,{'id': '10'},[{'athlete': {'id': '4871144'}}],2025-03-16T01:24:10Z,True,"{'x': 26, 'y': 2}",567.0
401705536388,388,"{'id': '16', 'text': 'Full Timeout'}",Bulls Full timeout,67,68,3,9:27,False,0,{'id': '4'},,2025-03-16T01:24:16Z,False,"{'x': -214748340, 'y': -214748365}",567.0
401705536389,389,"{'id': '584', 'text': 'Substitution'}",Julian Phillips enters the game for Matas Buzelis,67,68,3,9:27,False,0,{'id': '4'},"[{'athlete': {'id': '5105553'}}, {'athlete': {'id': '4711294'}}]",2025-03-16T01:26:37Z,False,"{'x': -214748340, 'y': -214748365}",567.0
401705536391,391,"{'id': '615', 'text': 'Jumpball'}",Nikola Vucevic vs. Alperen Sengun (Julian Phillips gains possession),67,68,3,9:07,False,0,{'id': '4'},"[{'athlete': {'id': '6478'}}, {'athlete': {'id': '4871144'}}, {'athlete': {'id': '5105553'}}]",2025-03-16T01:27:48Z,False,"{'x': -214748340, 'y': -214748365}",547.0
401705536394,394,"{'id': '121', 'text': 'Fade Away Jump Shot'}",Kevin Huerter misses 23-foot three point shot,67,68,3,9:02,False,0,{'id': '4'},[{'athlete': {'id': '4066372'}}],2025-03-16T01:27:51Z,True,"{'x': 48, 'y': 7}",542.0
401705536395,395,"{'id': '156', 'text': 'Offensive Rebound'}",Julian Phillips offensive rebound,67,68,3,9:00,False,0,{'id': '4'},[{'athlete': {'id': '5105553'}}],2025-03-16T01:27:53Z,False,"{'x': 48, 'y': 7}",540.0
401705536396,396,"{'id': '92', 'text': 'Jump Shot'}",Coby White makes 23-foot three point jumper (Tre Jones assists),70,68,3,8:53,True,3,{'id': '4'},"[{'athlete': {'id': '4395651'}}, {'athlete': {'id': '4395626'}}]",2025-03-16T01:27:59Z,True,"{'x': 2, 'y': 2}",533.0
401705536398,398,"{'id': '45', 'text': 'Personal Foul'}",Coby White personal foul,70,68,3,8:39,False,0,{'id': '4'},[{'athlete': {'id': '4395651'}}],2025-03-16T01:28:20Z,False,"{'x': 19, 'y': 1}",519.0
401705536400,400,"{'id': '130', 'text': 'Floating Jump Shot'}",Alperen Sengun misses 11-foot two point shot,70,68,3,8:29,False,0,{'id': '10'},[{'athlete': {'id': '4871144'}}],2025-03-16T01:28:43Z,True,"{'x': 20, 'y': 11}",509.0
401705536401,401,"{'id': '156', 'text': 'Offensive Rebound'}",Jabari Smith Jr. offensive rebound,70,68,3,8:26,False,0,{'id': '10'},[{'athlete': {'id': '4432639'}}],2025-03-16T01:28:46Z,False,"{'x': 20, 'y': 11}",506.0
401705536402,402,"{'id': '121', 'text': 'Fade Away Jump Shot'}",Jalen Green misses 26-foot three point shot,70,68,3,8:24,False,0,{'id': '10'},[{'athlete': {'id': '4437244'}}],2025-03-16T01:28:48Z,True,"{'x': 28, 'y': 27}",504.0
401705536403,403,"{'id': '155', 'text': 'Defensive Rebound'}",Coby White defensive rebound,70,68,3,8:23,False,0,{'id': '4'},[{'athlete': {'id': '4395651'}}],2025-03-16T01:28:49Z,False,"{'x': 28, 'y': 27}",503.0
401705536404,404,"{'id': '92', 'text': 'Jump Shot'}",Julian Phillips misses 26-foot three point jumper,70,68,3,8:06,False,0,{'id': '4'},[{'athlete': {'id': '5105553'}}],2025-03-16T01:29:05Z,True,"{'x': 7, 'y': 19}",486.0
401705536405,405,"{'id': '155', 'text': 'Defensive Rebound'}",Jalen Green defensive rebound,70,68,3,8:05,False,0,{'id': '10'},[{'athlete': {'id': '4437244'}}],2025-03-16T01:29:06Z,False,"{'x': 7, 'y': 19}",485.0
401705536406,406,"{'id': '131', 'text': 'Pullup Jump Shot'}",Fred VanVleet misses 25-foot three point pullup jump shot,70,68,3,7:49,False,0,{'id': '10'},[{'athlete': {'id': '2991230'}}],2025-03-16T01:29:26Z,True,"{'x': 12, 'y': 22}",469.0
401705536407,407,"{'id': '155', 'text': 'Defensive Rebound'}",Nikola Vucevic defensive rebound,70,68,3,7:46,False,0,{'id': '4'},[{'athlete': {'id': '6478'}}],2025-03-16T01:29:29Z,False,"{'x': 12, 'y': 22}",466.0
401705536408,408,"{'id': '93', 'text': 'Hook Shot'}",Nikola Vucevic misses 6-foot hook shot,70,68,3,7:25,False,0,{'id': '4'},[{'athlete': {'id': '6478'}}],2025-03-16T01:29:49Z,True,"{'x': 28, 'y': 5}",445.0
401705536409,409,"{'id': '155', 'text': 'Defensive Rebound'}",Fred VanVleet defensive rebound,70,68,3,7:25,False,0,{'id': '10'},[{'athlete': {'id': '2991230'}}],2025-03-16T01:29:49Z,False,"{'x': 28, 'y': 5}",445.0
401705536410,410,"{'id': '45', 'text': 'Personal Foul'}",Coby White personal foul,70,68,3,7:18,False,0,{'id': '4'},[{'athlete': {'id': '4395651'}}],2025-03-16T01:29:59Z,False,"{'x': 16, 'y': 3}",438.0
401705536412,412,"{'id': '98', 'text': 'Free Throw - 1 of 2'}",Jabari Smith Jr. makes free throw 1 of 2,70,69,3,7:18,True,1,{'id': '10'},[{'athlete': {'id': '4432639'}}],2025-03-16T01:30:31Z,True,"{'x': -214748340, 'y': -214748365}",438.0
401705536413,413,"{'id': '99', 'text': 'Free Throw - 2 of 2'}",Jabari Smith Jr. makes free throw 2 of 2,70,70,3,7:18,True,1,{'id': '10'},[{'athlete': {'id': '4432639'}}],2025-03-16T01:30:52Z,True,"{'x': -214748340, 'y': -214748365}",438.0
401705536414,414,"{'id': '144', 'text': 'Driving Floating Jump Shot'}",Tre Jones misses driving floating jump shot,70,70,3,6:55,False,0,{'id': '4'},[{'athlete': {'id': '4395626'}}],2025-03-16T01:31:15Z,True,"{'x': 16, 'y': 5}",415.0
401705536415,415,"{'id': '156', 'text': 'Offensive Rebound'}",Bulls offensive team rebound,70,70,3,6:54,False,0,{'id': '4'},,2025-03-16T01:31:16Z,False,"{'x': 16, 'y': 5}",414.0
401705536416,416,"{'id': '70', 'text': 'Shot Clock Turnover'}",shot clock turnover ,70,70,3,6:54,False,0,{'id': '4'},,2025-03-16T01:31:21Z,False,"{'x': 27, 'y': 15}",414.0
401705536417,417,"{'id': '584', 'text': 'Substitution'}",Jae'Sean Tate enters the game for Jabari Smith Jr.,70,70,3,6:54,False,0,{'id': '10'},"[{'athlete': {'id': '3136777'}}, {'athlete': {'id': '4432639'}}]",2025-03-16T01:31:30Z,False,"{'x': -214748340, 'y': -214748365}",414.0
401705536419,419,"{'id': '92', 'text': 'Jump Shot'}",Jalen Green makes 29-foot three point jumper (Fred VanVleet assists),70,73,3,6:37,True,3,{'id': '10'},"[{'athlete': {'id': '4437244'}}, {'athlete': {'id': '2991230'}}]",2025-03-16T01:31:53Z,True,"{'x': 5, 'y': 22}",397.0
401705536421,421,"{'id': '92', 'text': 'Jump Shot'}",Kevin Huerter misses 24-foot three point jumper,70,73,3,6:26,False,0,{'id': '4'},[{'athlete': {'id': '4066372'}}],2025-03-16T01:32:05Z,True,"{'x': 4, 'y': 14}",386.0
401705536422,422,"{'id': '155', 'text': 'Defensive Rebound'}",Dillon Brooks defensive rebound,70,73,3,6:26,False,0,{'id': '10'},[{'athlete': {'id': '3155526'}}],2025-03-16T01:32:05Z,False,"{'x': 4, 'y': 14}",386.0
401705536423,423,"{'id': '109', 'text': 'Running Layup Shot'}",Fred VanVleet misses two point shot,70,73,3,6:20,False,0,{'id': '10'},[{'athlete': {'id': '2991230'}}],2025-03-16T01:32:11Z,True,"{'x': 24, 'y': 2}",380.0
401705536424,424,"{'id': '156', 'text': 'Offensive Rebound'}",Jae'Sean Tate offensive rebound,70,73,3,6:16,False,0,{'id': '10'},[{'athlete': {'id': '3136777'}}],2025-03-16T01:32:14Z,False,"{'x': 24, 'y': 2}",376.0
401705536425,425,"{'id': '70', 'text': 'Shot Clock Turnover'}",shot clock turnover ,70,73,3,6:05,False,0,{'id': '10'},,2025-03-16T01:32:29Z,False,"{'x': 37, 'y': 18}",365.0
401705536426,426,"{'id': '584', 'text': 'Substitution'}",Dalen Terry enters the game for Coby White,70,73,3,6:05,False,0,{'id': '4'},"[{'athlete': {'id': '4433159'}}, {'athlete': {'id': '4395651'}}]",2025-03-16T01:32:35Z,False,"{'x': -214748340, 'y': -214748365}",365.0
401705536428,428,"{'id': '140', 'text': 'Hook Turnaround Bank'}",Nikola Vucevic makes 3-foot two point shot (Kevin Huerter assists),72,73,3,5:54,True,2,{'id': '4'},"[{'athlete': {'id': '6478'}}, {'athlete': {'id': '4066372'}}]",2025-03-16T01:32:58Z,True,"{'x': 23, 'y': 2}",354.0
401705536430,430,"{'id': '131', 'text': 'Pullup Jump Shot'}",Jalen Green misses 28-foot three point pullup jump shot,72,73,3,5:44,False,0,{'id': '10'},[{'athlete': {'id': '4437244'}}],2025-03-16T01:33:08Z,True,"{'x': 7, 'y': 22}",344.0
401705536431,431,"{'id': '156', 'text': 'Offensive Rebound'}",Jae'Sean Tate offensive rebound,72,73,3,5:41,False,0,{'id': '10'},[{'athlete': {'id': '3136777'}}],2025-03-16T01:33:11Z,False,"{'x': 7, 'y': 22}",341.0
401705536432,432,"{'id': '45', 'text': 'Personal Foul'}",Dalen Terry personal foul,72,73,3,5:37,False,0,{'id': '4'},[{'athlete': {'id': '4433159'}}],2025-03-16T01:33:18Z,False,"{'x': 23, 'y': 6}",337.0
401705536434,434,"{'id': '98', 'text': 'Free Throw - 1 of 2'}",Alperen Sengun makes free throw 1 of 2,72,74,3,5:37,True,1,{'id': '10'},[{'athlete': {'id': '4871144'}}],2025-03-16T01:33:54Z,True,"{'x': -214748340, 'y': -214748365}",337.0
401705536435,435,"{'id': '584', 'text': 'Substitution'}",Steven Adams enters the game for Dillon Brooks,72,74,3,5:37,False,0,{'id': '10'},"[{'athlete': {'id': '2991235'}}, {'athlete': {'id': '3155526'}}]",2025-03-16T01:33:54Z,False,"{'x': -214748340, 'y': -214748365}",337.0
401705536437,437,"{'id': '99', 'text': 'Free Throw - 2 of 2'}",Alperen Sengun makes free throw 2 of 2,72,75,3,5:37,True,1,{'id': '10'},[{'athlete': {'id': '4871144'}}],2025-03-16T01:34:27Z,True,"{'x': -214748340, 'y': -214748365}",337.0
401705536438,438,"{'id': '16', 'text': 'Full Timeout'}",Bulls Full timeout,72,75,3,5:37,False,0,{'id': '4'},,2025-03-16T01:34:36Z,False,"{'x': -214748340, 'y': -214748365}",337.0
401705536439,439,"{'id': '584', 'text': 'Substitution'}",Dillon Brooks enters the game for Alperen Sengun,72,75,3,5:37,False,0,{'id': '10'},"[{'athlete': {'id': '3155526'}}, {'athlete': {'id': '4871144'}}]",2025-03-16T01:36:20Z,False,"{'x': -214748340, 'y': -214748365}",337.0
401705536440,440,"{'id': '584', 'text': 'Substitution'}",Coby White enters the game for Kevin Huerter,72,75,3,5:37,False,0,{'id': '4'},"[{'athlete': {'id': '4395651'}}, {'athlete': {'id': '4066372'}}]",2025-03-16T01:36:20Z,False,"{'x': -214748340, 'y': -214748365}",337.0
401705536441,441,"{'id': '584', 'text': 'Substitution'}",Jalen Smith enters the game for Tre Jones,72,75,3,5:37,False,0,{'id': '4'},"[{'athlete': {'id': '4397189'}}, {'athlete': {'id': '4395626'}}]",2025-03-16T01:36:20Z,False,"{'x': -214748340, 'y': -214748365}",337.0
401705536445,445,"{'id': '128', 'text': 'Driving Finger Roll Layup'}",Coby White makes 1-foot two point shot,74,75,3,5:15,True,2,{'id': '4'},[{'athlete': {'id': '4395651'}}],2025-03-16T01:37:53Z,True,"{'x': 26, 'y': 1}",315.0
401705536446,446,"{'id': '132', 'text': 'Step Back Jump Shot'}",Jalen Green misses 27-foot three point step back jumpshot,74,75,3,4:49,False,0,{'id': '10'},[{'athlete': {'id': '4437244'}}],2025-03-16T01:38:18Z,True,"{'x': 31, 'y': 28}",289.0
401705536447,447,"{'id': '156', 'text': 'Offensive Rebound'}",Rockets offensive team rebound,74,75,3,4:49,False,0,{'id': '10'},,2025-03-16T01:38:18Z,False,"{'x': 31, 'y': 28}",289.0
401705536476,476,"{'id': '70', 'text': 'Shot Clock Turnover'}",shot clock turnover ,74,75,3,4:49,False,0,{'id': '10'},,2025-03-16T01:38:20Z,False,"{'x': 26, 'y': 4}",289.0
401705536449,449,"{'id': '137', 'text': 'Turnaround Fade Away Jump Shot'}",Nikola Vucevic makes 11-foot two point shot,76,75,3,4:31,True,2,{'id': '4'},[{'athlete': {'id': '6478'}}],2025-03-16T01:38:50Z,True,"{'x': 28, 'y': 11}",271.0
401705536450,450,"{'id': '131', 'text': 'Pullup Jump Shot'}",Fred VanVleet misses 29-foot three point pullup jump shot,76,75,3,4:15,False,0,{'id': '10'},[{'athlete': {'id': '2991230'}}],2025-03-16T01:39:06Z,True,"{'x': 4, 'y': 21}",255.0
401705536451,451,"{'id': '156', 'text': 'Offensive Rebound'}",Steven Adams offensive rebound,76,75,3,4:15,False,0,{'id': '10'},[{'athlete': {'id': '2991235'}}],2025-03-16T01:39:06Z,False,"{'x': 4, 'y': 21}",255.0
401705536452,452,"{'id': '125', 'text': 'Layup Shot Putback'}",Steven Adams misses two point shot,76,75,3,4:11,False,0,{'id': '10'},[{'athlete': {'id': '2991235'}}],2025-03-16T01:39:10Z,True,"{'x': 22, 'y': 2}",251.0
401705536453,453,"{'id': '155', 'text': 'Defensive Rebound'}",Jalen Smith defensive rebound,76,75,3,4:09,False,0,{'id': '4'},[{'athlete': {'id': '4397189'}}],2025-03-16T01:39:12Z,False,"{'x': 22, 'y': 2}",249.0
401705536454,454,"{'id': '132', 'text': 'Step Back Jump Shot'}",Coby White misses 27-foot three point step back jumpshot,76,75,3,4:03,False,0,{'id': '4'},[{'athlete': {'id': '4395651'}}],2025-03-16T01:39:19Z,True,"{'x': 41, 'y': 23}",243.0
401705536455,455,"{'id': '155', 'text': 'Defensive Rebound'}",Rockets defensive team rebound,76,75,3,3:59,False,0,{'id': '10'},,2025-03-16T01:39:23Z,False,"{'x': 41, 'y': 23}",239.0
401705536457,457,"{'id': '584', 'text': 'Substitution'}",Jeff Green enters the game for Fred VanVleet,76,75,3,3:59,False,0,{'id': '10'},"[{'athlete': {'id': '3209'}}, {'athlete': {'id': '2991230'}}]",2025-03-16T01:39:29Z,False,"{'x': -214748340, 'y': -214748365}",239.0
401705536459,459,"{'id': '137', 'text': 'Turnaround Fade Away Jump Shot'}",Jalen Green misses 10-foot two point shot,76,75,3,3:48,False,0,{'id': '10'},[{'athlete': {'id': '4437244'}}],2025-03-16T01:40:08Z,True,"{'x': 26, 'y': 11}",228.0
401705536460,460,"{'id': '156', 'text': 'Offensive Rebound'}",Jeff Green offensive rebound,76,75,3,3:44,False,0,{'id': '10'},[{'athlete': {'id': '3209'}}],2025-03-16T01:40:12Z,False,"{'x': 26, 'y': 11}",224.0
401705536461,461,"{'id': '125', 'text': 'Layup Shot Putback'}",Dalen Terry blocks Jeff Green 's 4-foot two point shot,76,75,3,3:43,False,0,{'id': '10'},"[{'athlete': {'id': '3209'}}, {'athlete': {'id': '4433159'}}]",2025-03-16T01:40:13Z,True,"{'x': 28, 'y': 3}",223.0
401705536463,463,"{'id': '156', 'text': 'Offensive Rebound'}",Jae'Sean Tate offensive rebound,76,75,3,3:43,False,0,{'id': '10'},[{'athlete': {'id': '3136777'}}],2025-03-16T01:40:13Z,False,"{'x': 28, 'y': 3}",223.0
401705536464,464,"{'id': '44', 'text': 'Shooting Foul'}",Julian Phillips shooting foul,76,75,3,3:43,False,0,{'id': '4'},[{'athlete': {'id': '5105553'}}],2025-03-16T01:40:21Z,False,"{'x': 23, 'y': 2}",223.0
401705536466,466,"{'id': '98', 'text': 'Free Throw - 1 of 2'}",Jae'Sean Tate makes free throw 1 of 2,76,76,3,3:43,True,1,{'id': '10'},[{'athlete': {'id': '3136777'}}],2025-03-16T01:40:57Z,True,"{'x': -214748340, 'y': -214748365}",223.0
401705536467,467,"{'id': '584', 'text': 'Substitution'}",Zach Collins enters the game for Nikola Vucevic,76,76,3,3:43,False,0,{'id': '4'},"[{'athlete': {'id': '4066650'}}, {'athlete': {'id': '6478'}}]",2025-03-16T01:40:58Z,False,"{'x': -214748340, 'y': -214748365}",223.0
401705536469,469,"{'id': '99', 'text': 'Free Throw - 2 of 2'}",Jae'Sean Tate makes free throw 2 of 2,76,77,3,3:43,True,1,{'id': '10'},[{'athlete': {'id': '3136777'}}],2025-03-16T01:41:23Z,True,"{'x': -214748340, 'y': -214748365}",223.0
401705536470,470,"{'id': '144', 'text': 'Driving Floating Jump Shot'}",Coby White misses driving floating jump shot,76,77,3,3:29,False,0,{'id': '4'},[{'athlete': {'id': '4395651'}}],2025-03-16T01:41:40Z,True,"{'x': 27, 'y': 2}",209.0
401705536471,471,"{'id': '155', 'text': 'Defensive Rebound'}",Steven Adams defensive rebound,76,77,3,3:27,False,0,{'id': '10'},[{'athlete': {'id': '2991235'}}],2025-03-16T01:41:42Z,False,"{'x': 27, 'y': 2}",207.0
401705536472,472,"{'id': '110', 'text': 'Driving Layup Shot'}",Dillon Brooks makes driving layup,76,79,3,3:15,True,2,{'id': '10'},[{'athlete': {'id': '3155526'}}],2025-03-16T01:41:53Z,True,"{'x': 22, 'y': 2}",195.0
401705536473,473,"{'id': '110', 'text': 'Driving Layup Shot'}",Jalen Smith makes driving layup (Julian Phillips assists),78,79,3,3:03,True,2,{'id': '4'},"[{'athlete': {'id': '4397189'}}, {'athlete': {'id': '5105553'}}]",2025-03-16T01:42:05Z,True,"{'x': 25, 'y': 1}",183.0
401705536475,475,"{'id': '93', 'text': 'Hook Shot'}",Steven Adams makes 10-foot hook shot (Jeff Green assists),78,81,3,2:48,True,2,{'id': '10'},"[{'athlete': {'id': '2991235'}}, {'athlete': {'id': '3209'}}]",2025-03-16T01:42:20Z,True,"{'x': 31, 'y': 9}",168.0
401705536478,478,"{'id': '151', 'text': 'Cutting Dunk Shot'}",Jalen Smith makes 2-foot dunk (Dalen Terry assists),80,81,3,2:43,True,2,{'id': '4'},"[{'athlete': {'id': '4397189'}}, {'athlete': {'id': '4433159'}}]",2025-03-16T01:42:25Z,True,"{'x': 25, 'y': 2}",163.0
401705536480,480,"{'id': '110', 'text': 'Driving Layup Shot'}",Jalen Green misses driving layup,80,81,3,2:25,False,0,{'id': '10'},[{'athlete': {'id': '4437244'}}],2025-03-16T01:42:44Z,True,"{'x': 27, 'y': 1}",145.0
401705536481,481,"{'id': '155', 'text': 'Defensive Rebound'}",Jalen Smith defensive rebound,80,81,3,2:23,False,0,{'id': '4'},[{'athlete': {'id': '4397189'}}],2025-03-16T01:42:46Z,False,"{'x': 27, 'y': 1}",143.0
401705536482,482,"{'id': '92', 'text': 'Jump Shot'}",Dalen Terry makes 28-foot three point jumper (Jalen Smith assists),83,81,3,2:15,True,3,{'id': '4'},"[{'athlete': {'id': '4433159'}}, {'athlete': {'id': '4397189'}}]",2025-03-16T01:42:54Z,True,"{'x': 45, 'y': 20}",135.0
401705536484,484,"{'id': '42', 'text': 'Offensive Foul'}",Dillon Brooks offensive foul,83,81,3,1:52,False,0,{'id': '10'},[{'athlete': {'id': '3155526'}}],2025-03-16T01:43:22Z,False,"{'x': 20, 'y': 5}",112.0
401705536486,486,"{'id': '84', 'text': 'Offensive Foul Turnover'}",Dillon Brooks turnover,83,81,3,1:52,False,0,{'id': '10'},[{'athlete': {'id': '3155526'}}],2025-03-16T01:43:22Z,False,"{'x': 20, 'y': 5}",112.0
401705536487,487,"{'id': '584', 'text': 'Substitution'}",Alperen Sengun enters the game for Dillon Brooks,83,81,3,1:52,False,0,{'id': '10'},"[{'athlete': {'id': '4871144'}}, {'athlete': {'id': '3155526'}}]",2025-03-16T01:43:32Z,False,"{'x': -214748340, 'y': -214748365}",112.0
401705536488,488,"{'id': '584', 'text': 'Substitution'}",Jabari Smith Jr. enters the game for Jeff Green,83,81,3,1:52,False,0,{'id': '10'},"[{'athlete': {'id': '4432639'}}, {'athlete': {'id': '3209'}}]",2025-03-16T01:43:32Z,False,"{'x': -214748340, 'y': -214748365}",112.0
401705536491,491,"{'id': '92', 'text': 'Jump Shot'}",Jalen Smith misses 24-foot three point jumper,83,81,3,1:40,False,0,{'id': '4'},[{'athlete': {'id': '4397189'}}],2025-03-16T01:43:59Z,True,"{'x': 9, 'y': 19}",100.0
401705536492,492,"{'id': '155', 'text': 'Defensive Rebound'}",Jae'Sean Tate defensive rebound,83,81,3,1:36,False,0,{'id': '10'},[{'athlete': {'id': '3136777'}}],2025-03-16T01:44:03Z,False,"{'x': 9, 'y': 19}",96.0
401705536493,493,"{'id': '109', 'text': 'Running Layup Shot'}",Alperen Sengun makes two point shot (Jae'Sean Tate assists),83,83,3,1:33,True,2,{'id': '10'},"[{'athlete': {'id': '4871144'}}, {'athlete': {'id': '3136777'}}]",2025-03-16T01:44:06Z,True,"{'x': 27, 'y': 1}",93.0
401705536495,495,"{'id': '42', 'text': 'Offensive Foul'}",Dalen Terry offensive foul,83,83,3,1:30,False,0,{'id': '4'},[{'athlete': {'id': '4433159'}}],2025-03-16T01:44:12Z,False,"{'x': 22, 'y': 14}",90.0
401705536497,497,"{'id': '84', 'text': 'Offensive Foul Turnover'}",Dalen Terry turnover,83,83,3,1:30,False,0,{'id': '4'},[{'athlete': {'id': '4433159'}}],2025-03-16T01:44:12Z,False,"{'x': 22, 'y': 14}",90.0
401705536498,498,"{'id': '130', 'text': 'Floating Jump Shot'}",Alperen Sengun misses 12-foot two point shot,83,83,3,1:18,False,0,{'id': '10'},[{'athlete': {'id': '4871144'}}],2025-03-16T01:44:44Z,True,"{'x': 24, 'y': 12}",78.0
401705536499,499,"{'id': '155', 'text': 'Defensive Rebound'}",Zach Collins defensive rebound,83,83,3,1:16,False,0,{'id': '4'},[{'athlete': {'id': '4066650'}}],2025-03-16T01:44:46Z,False,"{'x': 24, 'y': 12}",76.0
401705536500,500,"{'id': '16', 'text': 'Full Timeout'}",Rockets Full timeout,83,83,3,1:16,False,0,{'id': '10'},,2025-03-16T01:45:06Z,False,"{'x': -214748340, 'y': -214748365}",76.0
401705536501,501,"{'id': '584', 'text': 'Substitution'}",Aaron Holiday enters the game for Jae'Sean Tate,83,83,3,1:16,False,0,{'id': '10'},"[{'athlete': {'id': '3922230'}}, {'athlete': {'id': '3136777'}}]",2025-03-16T01:46:09Z,False,"{'x': -214748340, 'y': -214748365}",76.0
401705536502,502,"{'id': '584', 'text': 'Substitution'}",Patrick Williams enters the game for Julian Phillips,83,83,3,1:16,False,0,{'id': '4'},"[{'athlete': {'id': '4431687'}}, {'athlete': {'id': '5105553'}}]",2025-03-16T01:46:09Z,False,"{'x': -214748340, 'y': -214748365}",76.0
401705536503,503,"{'id': '584', 'text': 'Substitution'}",Tre Jones enters the game for Dalen Terry,83,83,3,1:16,False,0,{'id': '4'},"[{'athlete': {'id': '4395626'}}, {'athlete': {'id': '4433159'}}]",2025-03-16T01:46:09Z,False,"{'x': -214748340, 'y': -214748365}",76.0
401705536508,508,"{'id': '615', 'text': 'Jumpball'}",Zach Collins vs. Alperen Sengun (Jalen Green gains possession),83,83,3,1:16,False,0,{'id': '10'},"[{'athlete': {'id': '4871144'}}, {'athlete': {'id': '4066650'}}, {'athlete': {'id': '4437244'}}]",2025-03-16T01:47:32Z,False,"{'x': -214748340, 'y': -214748365}",76.0
401705536511,511,"{'id': '63', 'text': 'Lost Ball Turnover'}",Zach Collins lost ball turnover (Alperen Sengun steals),83,83,3,1:13,False,0,{'id': '4'},"[{'athlete': {'id': '4066650'}}, {'athlete': {'id': '4871144'}}]",2025-03-16T01:47:32Z,False,"{'x': -214748340, 'y': -214748365}",73.0
401705536513,513,"{'id': '131', 'text': 'Pullup Jump Shot'}",Jabari Smith Jr. makes 15-foot pullup jump shot,83,85,3,1:08,True,2,{'id': '10'},[{'athlete': {'id': '4432639'}}],2025-03-16T01:47:36Z,True,"{'x': 28, 'y': 16}",68.0
401705536514,514,"{'id': '92', 'text': 'Jump Shot'}",Coby White misses 25-foot three point jumper,83,85,3,56.0,False,0,{'id': '4'},[{'athlete': {'id': '4395651'}}],2025-03-16T01:47:48Z,True,"{'x': 44, 'y': 18}",56.0
401705536515,515,"{'id': '155', 'text': 'Defensive Rebound'}",Steven Adams defensive rebound,83,85,3,55.0,False,0,{'id': '10'},[{'athlete': {'id': '2991235'}}],2025-03-16T01:47:49Z,False,"{'x': 44, 'y': 18}",55.0
401705536516,516,"{'id': '45', 'text': 'Personal Foul'}",Patrick Williams personal foul,83,85,3,54.1,False,0,{'id': '4'},[{'athlete': {'id': '4431687'}}],2025-03-16T01:47:55Z,False,"{'x': 29, 'y': 8}",54.1
401705536518,518,"{'id': '98', 'text': 'Free Throw - 1 of 2'}",Steven Adams misses free throw 1 of 2,83,85,3,54.1,False,0,{'id': '10'},[{'athlete': {'id': '2991235'}}],2025-03-16T01:48:28Z,True,"{'x': -214748340, 'y': -214748365}",54.1
401705536519,519,"{'id': '156', 'text': 'Offensive Rebound'}",Rockets offensive team rebound,83,85,3,54.1,False,0,{'id': '10'},,2025-03-16T01:48:28Z,False,"{'x': -214748340, 'y': -214748365}",54.1
401705536520,520,"{'id': '10', 'text': 'Lane'}",Patrick Williams lane violation,83,85,3,54.1,False,0,{'id': '4'},[{'athlete': {'id': '4431687'}}],2025-03-16T01:48:28Z,False,"{'x': -214748340, 'y': -214748365}",54.1
401705536521,521,"{'id': '99', 'text': 'Free Throw - 2 of 2'}",Steven Adams misses free throw 2 of 2,83,85,3,54.1,False,0,{'id': '10'},[{'athlete': {'id': '2991235'}}],2025-03-16T01:48:28Z,True,"{'x': -214748340, 'y': -214748365}",54.1
401705536522,522,"{'id': '155', 'text': 'Defensive Rebound'}",Jalen Smith defensive rebound,83,85,3,54.1,False,0,{'id': '4'},[{'athlete': {'id': '4397189'}}],2025-03-16T01:48:28Z,False,"{'x': -214748340, 'y': -214748365}",54.1
401705536523,523,"{'id': '12', 'text': 'Kicked Ball'}",Jalen Green kicked ball violation,83,85,3,37.1,False,0,{'id': '10'},[{'athlete': {'id': '4437244'}}],2025-03-16T01:49:23Z,False,"{'x': -214748340, 'y': -214748365}",37.1
401705536524,524,"{'id': '131', 'text': 'Pullup Jump Shot'}",Tre Jones misses 16-foot pullup jump shot,83,85,3,32.1,False,0,{'id': '4'},[{'athlete': {'id': '4395626'}}],2025-03-16T01:49:42Z,True,"{'x': 27, 'y': 16}",32.1
401705536525,525,"{'id': '155', 'text': 'Defensive Rebound'}",Jabari Smith Jr. defensive rebound,83,85,3,30.1,False,0,{'id': '10'},[{'athlete': {'id': '4432639'}}],2025-03-16T01:49:44Z,False,"{'x': 27, 'y': 16}",30.1
401705536526,526,"{'id': '110', 'text': 'Driving Layup Shot'}",Jalen Green misses driving layup,83,85,3,23.0,False,0,{'id': '10'},[{'athlete': {'id': '4437244'}}],2025-03-16T01:49:52Z,True,"{'x': 29, 'y': 4}",23.0
401705536527,527,"{'id': '156', 'text': 'Offensive Rebound'}",Jalen Green offensive rebound,83,85,3,20.2,False,0,{'id': '10'},[{'athlete': {'id': '4437244'}}],2025-03-16T01:49:54Z,False,"{'x': 29, 'y': 4}",20.2
401705536528,528,"{'id': '94', 'text': 'Tip Shot'}",Jalen Green misses tip shot,83,85,3,20.2,False,0,{'id': '10'},[{'athlete': {'id': '4437244'}}],2025-03-16T01:49:54Z,True,"{'x': 25, 'y': 0}",20.2
401705536529,529,"{'id': '155', 'text': 'Defensive Rebound'}",Patrick Williams defensive rebound,83,85,3,20.0,False,0,{'id': '4'},[{'athlete': {'id': '4431687'}}],2025-03-16T01:49:55Z,False,"{'x': 25, 'y': 0}",20.0
401705536530,530,"{'id': '45', 'text': 'Personal Foul'}",Alperen Sengun personal foul,83,85,3,20.0,False,0,{'id': '10'},[{'athlete': {'id': '4871144'}}],2025-03-16T01:49:59Z,False,"{'x': 6, 'y': 41}",20.0
401705536532,532,"{'id': '121', 'text': 'Fade Away Jump Shot'}",Coby White misses 17-foot two point shot,83,85,3,0.1,False,0,{'id': '4'},[{'athlete': {'id': '4395651'}}],2025-03-16T01:50:36Z,True,"{'x': 12, 'y': 12}",0.1
401705536533,533,"{'id': '156', 'text': 'Offensive Rebound'}",Bulls offensive team rebound,83,85,3,0.1,False,0,{'id': '4'},,2025-03-16T01:50:36Z,False,"{'x': 12, 'y': 12}",0.1
401705536534,534,"{'id': '412', 'text': 'End Period'}",End of the 3rd Quarter,83,85,3,0.0,False,0,,,2025-03-16T01:51:11Z,False,"{'x': -214748340, 'y': -214748365}",0.0
401705536535,535,"{'id': '584', 'text': 'Substitution'}",Fred VanVleet enters the game for Jalen Green,83,85,4,12:00,False,0,{'id': '10'},"[{'athlete': {'id': '2991230'}}, {'athlete': {'id': '4437244'}}]",2025-03-16T01:53:12Z,False,"{'x': -214748340, 'y': -214748365}",720.0
401705536536,536,"{'id': '584', 'text': 'Substitution'}",Matas Buzelis enters the game for Jalen Smith,83,85,4,12:00,False,0,{'id': '4'},"[{'athlete': {'id': '4711294'}}, {'athlete': {'id': '4397189'}}]",2025-03-16T01:53:12Z,False,"{'x': -214748340, 'y': -214748365}",720.0
401705536540,540,"{'id': '110', 'text': 'Driving Layup Shot'}",Tre Jones misses driving layup,83,85,4,11:50,False,0,{'id': '4'},[{'athlete': {'id': '4395626'}}],2025-03-16T01:53:35Z,True,"{'x': 30, 'y': 2}",710.0
401705536541,541,"{'id': '156', 'text': 'Offensive Rebound'}",Zach Collins offensive rebound,83,85,4,11:49,False,0,{'id': '4'},[{'athlete': {'id': '4066650'}}],2025-03-16T01:53:36Z,False,"{'x': 30, 'y': 2}",709.0
401705536542,542,"{'id': '94', 'text': 'Tip Shot'}",Zach Collins makes tip shot,85,85,4,11:49,True,2,{'id': '4'},[{'athlete': {'id': '4066650'}}],2025-03-16T01:53:38Z,True,"{'x': 25, 'y': 0}",709.0
401705536543,543,"{'id': '131', 'text': 'Pullup Jump Shot'}",Fred VanVleet makes 8-foot pullup jump shot (Steven Adams assists),85,87,4,11:26,True,2,{'id': '10'},"[{'athlete': {'id': '2991230'}}, {'athlete': {'id': '2991235'}}]",2025-03-16T01:53:58Z,True,"{'x': 16, 'y': 0}",686.0
401705536545,545,"{'id': '92', 'text': 'Jump Shot'}",Patrick Williams makes 22-foot three point jumper (Coby White assists),88,87,4,11:20,True,3,{'id': '4'},"[{'athlete': {'id': '4431687'}}, {'athlete': {'id': '4395651'}}]",2025-03-16T01:54:04Z,True,"{'x': 48, 'y': 2}",680.0
401705536547,547,"{'id': '128', 'text': 'Driving Finger Roll Layup'}",Alperen Sengun makes 2-foot two point shot,88,89,4,10:54,True,2,{'id': '10'},[{'athlete': {'id': '4871144'}}],2025-03-16T01:54:31Z,True,"{'x': 28, 'y': 1}",654.0
401705536548,548,"{'id': '63', 'text': 'Lost Ball Turnover'}",Matas Buzelis lost ball turnover,88,89,4,10:42,False,0,{'id': '4'},[{'athlete': {'id': '4711294'}}],2025-03-16T01:54:44Z,False,"{'x': 21, 'y': 16}",642.0
401705536550,550,"{'id': '43', 'text': 'Loose Ball Foul'}",Matas Buzelis loose ball foul,88,89,4,10:42,False,0,{'id': '4'},[{'athlete': {'id': '4711294'}}],2025-03-16T01:54:46Z,False,"{'x': 23, 'y': 16}",642.0
401705536552,552,"{'id': '584', 'text': 'Substitution'}",Kevin Huerter enters the game for Coby White,88,89,4,10:42,False,0,{'id': '4'},"[{'athlete': {'id': '4066372'}}, {'athlete': {'id': '4395651'}}]",2025-03-16T01:54:55Z,False,"{'x': -214748340, 'y': -214748365}",642.0
401705536554,554,"{'id': '92', 'text': 'Jump Shot'}",Jabari Smith Jr. misses 25-foot three point jumper,88,89,4,10:28,False,0,{'id': '10'},[{'athlete': {'id': '4432639'}}],2025-03-16T01:55:19Z,True,"{'x': 5, 'y': 15}",628.0
401705536555,555,"{'id': '156', 'text': 'Offensive Rebound'}",Steven Adams offensive rebound,88,89,4,10:25,False,0,{'id': '10'},[{'athlete': {'id': '2991235'}}],2025-03-16T01:55:22Z,False,"{'x': 5, 'y': 15}",625.0
401705536556,556,"{'id': '92', 'text': 'Jump Shot'}",Aaron Holiday misses 23-foot three point jumper,88,89,4,10:18,False,0,{'id': '10'},[{'athlete': {'id': '3922230'}}],2025-03-16T01:55:29Z,True,"{'x': 49, 'y': 0}",618.0
401705536557,557,"{'id': '155', 'text': 'Defensive Rebound'}",Bulls defensive team rebound,88,89,4,10:17,False,0,{'id': '4'},,2025-03-16T01:55:30Z,False,"{'x': 49, 'y': 0}",617.0
401705536558,558,"{'id': '43', 'text': 'Loose Ball Foul'}",Steven Adams loose ball foul,88,89,4,10:17,False,0,{'id': '10'},[{'athlete': {'id': '2991235'}}],2025-03-16T01:55:35Z,False,"{'x': 21, 'y': 2}",617.0
401705536560,560,"{'id': '45', 'text': 'Personal Foul'}",Fred VanVleet personal foul,88,89,4,10:05,False,0,{'id': '10'},[{'athlete': {'id': '2991230'}}],2025-03-16T01:56:02Z,False,"{'x': 41, 'y': 18}",605.0
401705536562,562,"{'id': '132', 'text': 'Step Back Jump Shot'}",Kevin Huerter misses 17-foot step back jumpshot,88,89,4,9:56,False,0,{'id': '4'},[{'athlete': {'id': '4066372'}}],2025-03-16T01:56:26Z,True,"{'x': 20, 'y': 17}",596.0
401705536563,563,"{'id': '155', 'text': 'Defensive Rebound'}",Steven Adams defensive rebound,88,89,4,9:55,False,0,{'id': '10'},[{'athlete': {'id': '2991235'}}],2025-03-16T01:56:27Z,False,"{'x': 20, 'y': 17}",595.0
401705536564,564,"{'id': '92', 'text': 'Jump Shot'}",Aaron Holiday makes 23-foot three point jumper (Fred VanVleet assists),88,92,4,9:47,True,3,{'id': '10'},"[{'athlete': {'id': '3922230'}}, {'athlete': {'id': '2991230'}}]",2025-03-16T01:56:35Z,True,"{'x': 2, 'y': 1}",587.0
401705536566,566,"{'id': '16', 'text': 'Full Timeout'}",Bulls Full timeout,88,92,4,9:47,False,0,{'id': '4'},,2025-03-16T01:56:40Z,False,"{'x': -214748340, 'y': -214748365}",587.0
401705536567,567,"{'id': '584', 'text': 'Substitution'}",Jae'Sean Tate enters the game for Steven Adams,88,92,4,9:47,False,0,{'id': '10'},"[{'athlete': {'id': '3136777'}}, {'athlete': {'id': '2991235'}}]",2025-03-16T01:59:15Z,False,"{'x': -214748340, 'y': -214748365}",587.0
401705536569,569,"{'id': '92', 'text': 'Jump Shot'}",Kevin Huerter makes 25-foot three point jumper (Matas Buzelis assists),91,92,4,9:31,True,3,{'id': '4'},"[{'athlete': {'id': '4066372'}}, {'athlete': {'id': '4711294'}}]",2025-03-16T01:59:47Z,True,"{'x': 24, 'y': 25}",571.0
401705536570,570,"{'id': '115', 'text': 'Driving Dunk Shot'}",Matas Buzelis blocks Jabari Smith Jr. 's 3-foot driving dunk,91,92,4,9:17,False,0,{'id': '10'},"[{'athlete': {'id': '4432639'}}, {'athlete': {'id': '4711294'}}]",2025-03-16T02:00:03Z,True,"{'x': 28, 'y': 1}",557.0
401705536572,572,"{'id': '156', 'text': 'Offensive Rebound'}",Rockets offensive team rebound,91,92,4,9:17,False,0,{'id': '10'},,2025-03-16T02:00:03Z,False,"{'x': 28, 'y': 1}",557.0
401705536575,575,"{'id': '120', 'text': 'Turnaround Hook Shot'}",Alperen Sengun misses 7-foot two point shot,91,92,4,9:08,False,0,{'id': '10'},[{'athlete': {'id': '4871144'}}],2025-03-16T02:00:32Z,True,"{'x': 32, 'y': 4}",548.0
401705536576,576,"{'id': '156', 'text': 'Offensive Rebound'}",Alperen Sengun offensive rebound,91,92,4,9:07,False,0,{'id': '10'},[{'athlete': {'id': '4871144'}}],2025-03-16T02:00:33Z,False,"{'x': 32, 'y': 4}",547.0
401705536577,577,"{'id': '44', 'text': 'Shooting Foul'}",Zach Collins shooting foul,91,92,4,9:07,False,0,{'id': '4'},[{'athlete': {'id': '4066650'}}],2025-03-16T02:00:38Z,False,"{'x': 28, 'y': 2}",547.0
401705536579,579,"{'id': '98', 'text': 'Free Throw - 1 of 2'}",Alperen Sengun makes free throw 1 of 2,91,93,4,9:07,True,1,{'id': '10'},[{'athlete': {'id': '4871144'}}],2025-03-16T02:01:04Z,True,"{'x': -214748340, 'y': -214748365}",547.0
401705536580,580,"{'id': '99', 'text': 'Free Throw - 2 of 2'}",Alperen Sengun makes free throw 2 of 2,91,94,4,9:07,True,1,{'id': '10'},[{'athlete': {'id': '4871144'}}],2025-03-16T02:01:24Z,True,"{'x': -214748340, 'y': -214748365}",547.0
401705536581,581,"{'id': '142', 'text': 'Cutting Finger Roll Layup Shot'}",Matas Buzelis makes layup (Kevin Huerter assists),93,94,4,8:57,True,2,{'id': '4'},"[{'athlete': {'id': '4711294'}}, {'athlete': {'id': '4066372'}}]",2025-03-16T02:01:36Z,True,"{'x': 26, 'y': 2}",537.0
401705536583,583,"{'id': '92', 'text': 'Jump Shot'}",Jae'Sean Tate makes 23-foot three point jumper (Alperen Sengun assists),93,97,4,8:35,True,3,{'id': '10'},"[{'athlete': {'id': '3136777'}}, {'athlete': {'id': '4871144'}}]",2025-03-16T02:01:58Z,True,"{'x': 2, 'y': 7}",515.0
401705536585,585,"{'id': '64', 'text': 'Traveling'}",Matas Buzelis traveling,93,97,4,8:18,False,0,{'id': '4'},[{'athlete': {'id': '4711294'}}],2025-03-16T02:02:19Z,False,"{'x': 36, 'y': 23}",498.0
401705536586,586,"{'id': '131', 'text': 'Pullup Jump Shot'}",Fred VanVleet misses 25-foot three point pullup jump shot,93,97,4,8:06,False,0,{'id': '10'},[{'athlete': {'id': '2991230'}}],2025-03-16T02:02:44Z,True,"{'x': 20, 'y': 25}",486.0
401705536587,587,"{'id': '155', 'text': 'Defensive Rebound'}",Matas Buzelis defensive rebound,93,97,4,8:03,False,0,{'id': '4'},[{'athlete': {'id': '4711294'}}],2025-03-16T02:02:47Z,False,"{'x': 20, 'y': 25}",483.0
401705536588,588,"{'id': '128', 'text': 'Driving Finger Roll Layup'}",Tre Jones misses two point shot,93,97,4,7:57,False,0,{'id': '4'},[{'athlete': {'id': '4395626'}}],2025-03-16T02:02:54Z,True,"{'x': 26, 'y': 2}",477.0
401705536589,589,"{'id': '155', 'text': 'Defensive Rebound'}",Fred VanVleet defensive rebound,93,97,4,7:57,False,0,{'id': '10'},[{'athlete': {'id': '2991230'}}],2025-03-16T02:02:54Z,False,"{'x': 26, 'y': 2}",477.0
401705536590,590,"{'id': '140', 'text': 'Hook Turnaround Bank'}",Alperen Sengun misses 7-foot two point shot,93,97,4,7:47,False,0,{'id': '10'},[{'athlete': {'id': '4871144'}}],2025-03-16T02:03:04Z,True,"{'x': 30, 'y': 5}",467.0
401705536591,591,"{'id': '155', 'text': 'Defensive Rebound'}",Zach Collins defensive rebound,93,97,4,7:47,False,0,{'id': '4'},[{'athlete': {'id': '4066650'}}],2025-03-16T02:03:04Z,False,"{'x': 30, 'y': 5}",467.0
401705536592,592,"{'id': '45', 'text': 'Personal Foul'}",Jabari Smith Jr. personal foul,93,97,4,7:47,False,0,{'id': '10'},[{'athlete': {'id': '4432639'}}],2025-03-16T02:03:11Z,False,"{'x': 31, 'y': 2}",467.0
401705536594,594,"{'id': '584', 'text': 'Substitution'}",Dillon Brooks enters the game for Aaron Holiday,93,97,4,7:47,False,0,{'id': '10'},"[{'athlete': {'id': '3155526'}}, {'athlete': {'id': '3922230'}}]",2025-03-16T02:03:26Z,False,"{'x': -214748340, 'y': -214748365}",467.0
401705536595,595,"{'id': '584', 'text': 'Substitution'}",Jalen Green enters the game for Fred VanVleet,93,97,4,7:47,False,0,{'id': '10'},"[{'athlete': {'id': '4437244'}}, {'athlete': {'id': '2991230'}}]",2025-03-16T02:03:26Z,False,"{'x': -214748340, 'y': -214748365}",467.0
401705536596,596,"{'id': '584', 'text': 'Substitution'}",Julian Phillips enters the game for Matas Buzelis,93,97,4,7:47,False,0,{'id': '4'},"[{'athlete': {'id': '5105553'}}, {'athlete': {'id': '4711294'}}]",2025-03-16T02:03:26Z,False,"{'x': -214748340, 'y': -214748365}",467.0
401705536597,597,"{'id': '584', 'text': 'Substitution'}",Coby White enters the game for Tre Jones,93,97,4,7:47,False,0,{'id': '4'},"[{'athlete': {'id': '4395651'}}, {'athlete': {'id': '4395626'}}]",2025-03-16T02:03:26Z,False,"{'x': -214748340, 'y': -214748365}",467.0
401705536602,602,"{'id': '121', 'text': 'Fade Away Jump Shot'}",Patrick Williams makes 9-foot two point shot (Coby White assists),95,97,4,7:36,True,2,{'id': '4'},"[{'athlete': {'id': '4431687'}}, {'athlete': {'id': '4395651'}}]",2025-03-16T02:03:42Z,True,"{'x': 20, 'y': 9}",456.0
401705536603,603,"{'id': '44', 'text': 'Shooting Foul'}",Zach Collins shooting foul,95,97,4,7:20,False,0,{'id': '4'},[{'athlete': {'id': '4066650'}}],2025-03-16T02:04:03Z,False,"{'x': 25, 'y': 4}",440.0
401705536606,606,"{'id': '98', 'text': 'Free Throw - 1 of 2'}",Alperen Sengun misses free throw 1 of 2,95,97,4,7:20,False,0,{'id': '10'},[{'athlete': {'id': '4871144'}}],2025-03-16T02:04:47Z,True,"{'x': -214748340, 'y': -214748365}",440.0
401705536607,607,"{'id': '156', 'text': 'Offensive Rebound'}",Rockets offensive team rebound,95,97,4,7:20,False,0,{'id': '10'},,2025-03-16T02:04:47Z,False,"{'x': -214748340, 'y': -214748365}",440.0
401705536608,608,"{'id': '99', 'text': 'Free Throw - 2 of 2'}",Alperen Sengun misses free throw 2 of 2,95,97,4,7:20,False,0,{'id': '10'},[{'athlete': {'id': '4871144'}}],2025-03-16T02:04:47Z,True,"{'x': -214748340, 'y': -214748365}",440.0
401705536609,609,"{'id': '155', 'text': 'Defensive Rebound'}",Bulls defensive team rebound,95,97,4,7:19,False,0,{'id': '4'},,2025-03-16T02:04:48Z,False,"{'x': -214748340, 'y': -214748365}",439.0
401705536611,611,"{'id': '16', 'text': 'Full Timeout'}",Rockets Full timeout,95,97,4,7:19,False,0,{'id': '10'},,2025-03-16T02:05:16Z,False,"{'x': -214748340, 'y': -214748365}",439.0
401705536613,613,"{'id': '216', 'text': ""Coach's Challenge (Stands)""}",(07:19) [Rockets] COACH'S CHALLENGE (CALL STANDS) [Rockets] charged with a timeout,95,97,4,7:19,False,0,{'id': '10'},,2025-03-16T02:08:17Z,False,"{'x': -214748340, 'y': -214748365}",439.0
401705536614,614,"{'id': '44', 'text': 'Shooting Foul'}",Alperen Sengun shooting foul,95,97,4,7:08,False,0,{'id': '10'},[{'athlete': {'id': '4871144'}}],2025-03-16T02:08:37Z,False,"{'x': 25, 'y': 3}",428.0
401705536616,616,"{'id': '98', 'text': 'Free Throw - 1 of 2'}",Julian Phillips makes free throw 1 of 2,96,97,4,7:08,True,1,{'id': '4'},[{'athlete': {'id': '5105553'}}],2025-03-16T02:08:50Z,True,"{'x': -214748340, 'y': -214748365}",428.0
401705536617,617,"{'id': '99', 'text': 'Free Throw - 2 of 2'}",Julian Phillips makes free throw 2 of 2,97,97,4,7:08,True,1,{'id': '4'},[{'athlete': {'id': '5105553'}}],2025-03-16T02:09:04Z,True,"{'x': -214748340, 'y': -214748365}",428.0
401705536618,618,"{'id': '95', 'text': 'Layup Shot'}",Dillon Brooks misses layup,97,97,4,6:45,False,0,{'id': '10'},[{'athlete': {'id': '3155526'}}],2025-03-16T02:09:29Z,True,"{'x': 23, 'y': 6}",405.0
401705536619,619,"{'id': '156', 'text': 'Offensive Rebound'}",Alperen Sengun offensive rebound,97,97,4,6:44,False,0,{'id': '10'},[{'athlete': {'id': '4871144'}}],2025-03-16T02:09:30Z,False,"{'x': 23, 'y': 6}",404.0
401705536620,620,"{'id': '70', 'text': 'Shot Clock Turnover'}",shot clock turnover ,97,97,4,6:44,False,0,{'id': '10'},,2025-03-16T02:09:35Z,False,"{'x': 20, 'y': 5}",404.0
401705536621,621,"{'id': '140', 'text': 'Hook Turnaround Bank'}",Coby White misses 4-foot two point shot,97,97,4,6:21,False,0,{'id': '4'},[{'athlete': {'id': '4395651'}}],2025-03-16T02:10:07Z,True,"{'x': 28, 'y': 4}",381.0
401705536622,622,"{'id': '155', 'text': 'Defensive Rebound'}",Jabari Smith Jr. defensive rebound,97,97,4,6:20,False,0,{'id': '10'},[{'athlete': {'id': '4432639'}}],2025-03-16T02:10:08Z,False,"{'x': 28, 'y': 4}",380.0
401705536623,623,"{'id': '63', 'text': 'Lost Ball Turnover'}",Jabari Smith Jr. lost ball turnover (Patrick Williams steals),97,97,4,6:13,False,0,{'id': '10'},"[{'athlete': {'id': '4432639'}}, {'athlete': {'id': '4431687'}}]",2025-03-16T02:10:14Z,False,"{'x': 28, 'y': 8}",373.0
401705536625,625,"{'id': '45', 'text': 'Personal Foul'}",Jae'Sean Tate personal foul,97,97,4,6:07,False,0,{'id': '10'},[{'athlete': {'id': '3136777'}}],2025-03-16T02:10:23Z,False,"{'x': 28, 'y': 7}",367.0
401705536627,627,"{'id': '98', 'text': 'Free Throw - 1 of 2'}",Patrick Williams makes free throw 1 of 2,98,97,4,6:07,True,1,{'id': '4'},[{'athlete': {'id': '4431687'}}],2025-03-16T02:10:47Z,True,"{'x': -214748340, 'y': -214748365}",367.0
401705536628,628,"{'id': '584', 'text': 'Substitution'}",Tre Jones enters the game for Julian Phillips,98,97,4,6:07,False,0,{'id': '4'},"[{'athlete': {'id': '4395626'}}, {'athlete': {'id': '5105553'}}]",2025-03-16T02:10:48Z,False,"{'x': -214748340, 'y': -214748365}",367.0
401705536630,630,"{'id': '584', 'text': 'Substitution'}",Steven Adams enters the game for Jae'Sean Tate,98,97,4,6:07,False,0,{'id': '10'},"[{'athlete': {'id': '2991235'}}, {'athlete': {'id': '3136777'}}]",2025-03-16T02:10:48Z,False,"{'x': -214748340, 'y': -214748365}",367.0
401705536632,632,"{'id': '99', 'text': 'Free Throw - 2 of 2'}",Patrick Williams misses free throw 2 of 2,98,97,4,6:07,False,0,{'id': '4'},[{'athlete': {'id': '4431687'}}],2025-03-16T02:10:47Z,True,"{'x': -214748340, 'y': -214748365}",367.0
401705536633,633,"{'id': '155', 'text': 'Defensive Rebound'}",Alperen Sengun defensive rebound,98,97,4,6:07,False,0,{'id': '10'},[{'athlete': {'id': '4871144'}}],2025-03-16T02:10:47Z,False,"{'x': -214748340, 'y': -214748365}",367.0
401705536634,634,"{'id': '131', 'text': 'Pullup Jump Shot'}",Jalen Green makes 25-foot three pointer,98,100,4,5:52,True,3,{'id': '10'},[{'athlete': {'id': '4437244'}}],2025-03-16T02:11:23Z,True,"{'x': 32, 'y': 25}",352.0
401705536635,635,"{'id': '92', 'text': 'Jump Shot'}",Kevin Huerter misses 25-foot three point jumper,98,100,4,5:41,False,0,{'id': '4'},[{'athlete': {'id': '4066372'}}],2025-03-16T02:11:36Z,True,"{'x': 17, 'y': 25}",341.0
401705536636,636,"{'id': '155', 'text': 'Defensive Rebound'}",Alperen Sengun defensive rebound,98,100,4,5:39,False,0,{'id': '10'},[{'athlete': {'id': '4871144'}}],2025-03-16T02:11:38Z,False,"{'x': 17, 'y': 25}",339.0
401705536637,637,"{'id': '142', 'text': 'Cutting Finger Roll Layup Shot'}",Jalen Green makes layup (Steven Adams assists),98,102,4,5:22,True,2,{'id': '10'},"[{'athlete': {'id': '4437244'}}, {'athlete': {'id': '2991235'}}]",2025-03-16T02:11:54Z,True,"{'x': 29, 'y': 1}",322.0
401705536639,639,"{'id': '92', 'text': 'Jump Shot'}",Zach Collins misses 24-foot three point jumper,98,102,4,5:06,False,0,{'id': '4'},[{'athlete': {'id': '4066650'}}],2025-03-16T02:12:10Z,True,"{'x': 15, 'y': 23}",306.0
401705536640,640,"{'id': '155', 'text': 'Defensive Rebound'}",Dillon Brooks defensive rebound,98,102,4,5:05,False,0,{'id': '10'},[{'athlete': {'id': '3155526'}}],2025-03-16T02:12:11Z,False,"{'x': 15, 'y': 23}",305.0
401705536641,641,"{'id': '131', 'text': 'Pullup Jump Shot'}",Jalen Green misses 27-foot three point pullup jump shot,98,102,4,4:53,False,0,{'id': '10'},[{'athlete': {'id': '4437244'}}],2025-03-16T02:12:23Z,True,"{'x': 9, 'y': 22}",293.0
401705536642,642,"{'id': '156', 'text': 'Offensive Rebound'}",Rockets offensive team rebound,98,102,4,4:52,False,0,{'id': '10'},,2025-03-16T02:12:24Z,False,"{'x': 9, 'y': 22}",292.0
401705536643,643,"{'id': '43', 'text': 'Loose Ball Foul'}",Zach Collins loose ball foul,98,102,4,4:52,False,0,{'id': '4'},[{'athlete': {'id': '4066650'}}],2025-03-16T02:12:28Z,False,"{'x': 24, 'y': 6}",292.0
401705536645,645,"{'id': '584', 'text': 'Substitution'}",Fred VanVleet enters the game for Jabari Smith Jr.,98,102,4,4:52,False,0,{'id': '10'},"[{'athlete': {'id': '2991230'}}, {'athlete': {'id': '4432639'}}]",2025-03-16T02:12:43Z,False,"{'x': -214748340, 'y': -214748365}",292.0
401705536646,646,"{'id': '584', 'text': 'Substitution'}",Nikola Vucevic enters the game for Zach Collins,98,102,4,4:52,False,0,{'id': '4'},"[{'athlete': {'id': '6478'}}, {'athlete': {'id': '4066650'}}]",2025-03-16T02:12:43Z,False,"{'x': -214748340, 'y': -214748365}",292.0
401705536649,649,"{'id': '45', 'text': 'Personal Foul'}",Patrick Williams personal foul,98,102,4,4:43,False,0,{'id': '4'},[{'athlete': {'id': '4431687'}}],2025-03-16T02:13:11Z,False,"{'x': 28, 'y': 7}",283.0
401705536651,651,"{'id': '98', 'text': 'Free Throw - 1 of 2'}",Alperen Sengun makes free throw 1 of 2,98,103,4,4:43,True,1,{'id': '10'},[{'athlete': {'id': '4871144'}}],2025-03-16T02:13:42Z,True,"{'x': -214748340, 'y': -214748365}",283.0
401705536652,652,"{'id': '99', 'text': 'Free Throw - 2 of 2'}",Alperen Sengun makes free throw 2 of 2,98,104,4,4:43,True,1,{'id': '10'},[{'athlete': {'id': '4871144'}}],2025-03-16T02:14:06Z,True,"{'x': -214748340, 'y': -214748365}",283.0
401705536653,653,"{'id': '128', 'text': 'Driving Finger Roll Layup'}",Coby White makes 2-foot two point shot,100,104,4,4:24,True,2,{'id': '4'},[{'athlete': {'id': '4395651'}}],2025-03-16T02:14:27Z,True,"{'x': 22, 'y': 0}",264.0
401705536654,654,"{'id': '92', 'text': 'Jump Shot'}",Jalen Green makes 25-foot three point jumper (Dillon Brooks assists),100,107,4,4:04,True,3,{'id': '10'},"[{'athlete': {'id': '4437244'}}, {'athlete': {'id': '3155526'}}]",2025-03-16T02:14:47Z,True,"{'x': 41, 'y': 21}",244.0
401705536656,656,"{'id': '92', 'text': 'Jump Shot'}",Tre Jones makes 24-foot three point jumper (Kevin Huerter assists),103,107,4,3:42,True,3,{'id': '4'},"[{'athlete': {'id': '4395626'}}, {'athlete': {'id': '4066372'}}]",2025-03-16T02:15:08Z,True,"{'x': 39, 'y': 21}",222.0
401705536658,658,"{'id': '22', 'text': 'Personal Take Foul'}",Nikola Vucevic personal take foul,103,107,4,3:32,False,0,{'id': '4'},[{'athlete': {'id': '6478'}}],2025-03-16T02:15:31Z,False,"{'x': 34, 'y': 11}",212.0
401705536660,660,"{'id': '98', 'text': 'Free Throw - 1 of 2'}",Steven Adams misses free throw 1 of 2,103,107,4,3:32,False,0,{'id': '10'},[{'athlete': {'id': '2991235'}}],2025-03-16T02:15:46Z,True,"{'x': -214748340, 'y': -214748365}",212.0
401705536661,661,"{'id': '156', 'text': 'Offensive Rebound'}",Rockets offensive team rebound,103,107,4,3:32,False,0,{'id': '10'},,2025-03-16T02:15:46Z,False,"{'x': -214748340, 'y': -214748365}",212.0
401705536662,662,"{'id': '584', 'text': 'Substitution'}",Zach Collins enters the game for Patrick Williams,103,107,4,3:32,False,0,{'id': '4'},"[{'athlete': {'id': '4066650'}}, {'athlete': {'id': '4431687'}}]",2025-03-16T02:15:48Z,False,"{'x': -214748340, 'y': -214748365}",212.0
401705536664,664,"{'id': '99', 'text': 'Free Throw - 2 of 2'}",Steven Adams misses free throw 2 of 2,103,107,4,3:32,False,0,{'id': '10'},[{'athlete': {'id': '2991235'}}],2025-03-16T02:15:46Z,True,"{'x': -214748340, 'y': -214748365}",212.0
401705536665,665,"{'id': '155', 'text': 'Defensive Rebound'}",Kevin Huerter defensive rebound,103,107,4,3:32,False,0,{'id': '4'},[{'athlete': {'id': '4066372'}}],2025-03-16T02:15:46Z,False,"{'x': -214748340, 'y': -214748365}",212.0
401705536666,666,"{'id': '62', 'text': 'Bad Pass\nTurnover'}",Zach Collins bad pass (Steven Adams steals),103,107,4,3:09,False,0,{'id': '4'},"[{'athlete': {'id': '4066650'}}, {'athlete': {'id': '2991235'}}]",2025-03-16T02:16:27Z,False,"{'x': 24, 'y': 5}",189.0
401705536668,668,"{'id': '16', 'text': 'Full Timeout'}",Rockets Full timeout,103,107,4,3:09,False,0,{'id': '10'},,2025-03-16T02:16:40Z,False,"{'x': -214748340, 'y': -214748365}",189.0
401705536669,669,"{'id': '584', 'text': 'Substitution'}",Jabari Smith Jr. enters the game for Steven Adams,103,107,4,3:09,False,0,{'id': '10'},"[{'athlete': {'id': '4432639'}}, {'athlete': {'id': '2991235'}}]",2025-03-16T02:17:21Z,False,"{'x': -214748340, 'y': -214748365}",189.0
401705536671,671,"{'id': '584', 'text': 'Substitution'}",Patrick Williams enters the game for Zach Collins,103,107,4,3:09,False,0,{'id': '4'},"[{'athlete': {'id': '4431687'}}, {'athlete': {'id': '4066650'}}]",2025-03-16T02:18:09Z,False,"{'x': -214748340, 'y': -214748365}",189.0
401705536673,673,"{'id': '120', 'text': 'Turnaround Hook Shot'}",Jabari Smith Jr. makes 4-foot two point shot (Fred VanVleet assists),103,109,4,2:51,True,2,{'id': '10'},"[{'athlete': {'id': '4432639'}}, {'athlete': {'id': '2991230'}}]",2025-03-16T02:18:32Z,True,"{'x': 23, 'y': 4}",171.0
401705536675,675,"{'id': '110', 'text': 'Driving Layup Shot'}",Coby White makes driving layup,105,109,4,2:36,True,2,{'id': '4'},[{'athlete': {'id': '4395651'}}],2025-03-16T02:18:47Z,True,"{'x': 26, 'y': 2}",156.0
401705536676,676,"{'id': '92', 'text': 'Jump Shot'}",Fred VanVleet misses 22-foot three point jumper,105,109,4,2:14,False,0,{'id': '10'},[{'athlete': {'id': '2991230'}}],2025-03-16T02:19:08Z,True,"{'x': 3, 'y': 2}",134.0
401705536677,677,"{'id': '155', 'text': 'Defensive Rebound'}",Tre Jones defensive rebound,105,109,4,2:13,False,0,{'id': '4'},[{'athlete': {'id': '4395626'}}],2025-03-16T02:19:09Z,False,"{'x': 3, 'y': 2}",133.0
401705536678,678,"{'id': '110', 'text': 'Driving Layup Shot'}",Nikola Vucevic misses driving layup,105,109,4,2:05,False,0,{'id': '4'},[{'athlete': {'id': '6478'}}],2025-03-16T02:19:19Z,True,"{'x': 23, 'y': 1}",125.0
401705536679,679,"{'id': '155', 'text': 'Defensive Rebound'}",Dillon Brooks defensive rebound,105,109,4,2:03,False,0,{'id': '10'},[{'athlete': {'id': '3155526'}}],2025-03-16T02:19:21Z,False,"{'x': 23, 'y': 1}",123.0
401705536680,680,"{'id': '144', 'text': 'Driving Floating Jump Shot'}",Dillon Brooks makes 8-foot driving floating jump shot,105,111,4,1:51,True,2,{'id': '10'},[{'athlete': {'id': '3155526'}}],2025-03-16T02:19:33Z,True,"{'x': 24, 'y': 9}",111.0
401705536682,682,"{'id': '131', 'text': 'Pullup Jump Shot'}",Coby White misses 29-foot three point pullup jump shot,105,111,4,1:41,False,0,{'id': '4'},[{'athlete': {'id': '4395651'}}],2025-03-16T02:19:44Z,True,"{'x': 19, 'y': 29}",101.0
401705536683,683,"{'id': '155', 'text': 'Defensive Rebound'}",Alperen Sengun defensive rebound,105,111,4,1:40,False,0,{'id': '10'},[{'athlete': {'id': '4871144'}}],2025-03-16T02:19:45Z,False,"{'x': 19, 'y': 29}",100.0
401705536684,684,"{'id': '44', 'text': 'Shooting Foul'}",Nikola Vucevic shooting foul,105,111,4,1:30,False,0,{'id': '4'},[{'athlete': {'id': '6478'}}],2025-03-16T02:19:59Z,False,"{'x': 27, 'y': 4}",90.0
401705536686,686,"{'id': '98', 'text': 'Free Throw - 1 of 2'}",Jalen Green makes free throw 1 of 2,105,112,4,1:30,True,1,{'id': '10'},[{'athlete': {'id': '4437244'}}],2025-03-16T02:20:27Z,True,"{'x': -214748340, 'y': -214748365}",90.0
401705536687,687,"{'id': '99', 'text': 'Free Throw - 2 of 2'}",Jalen Green misses free throw 2 of 2,105,112,4,1:30,False,0,{'id': '10'},[{'athlete': {'id': '4437244'}}],2025-03-16T02:20:27Z,True,"{'x': -214748340, 'y': -214748365}",90.0
401705536688,688,"{'id': '155', 'text': 'Defensive Rebound'}",Patrick Williams defensive rebound,105,112,4,1:30,False,0,{'id': '4'},[{'athlete': {'id': '4431687'}}],2025-03-16T02:20:27Z,False,"{'x': -214748340, 'y': -214748365}",90.0
401705536689,689,"{'id': '45', 'text': 'Personal Foul'}",Jalen Green personal foul,105,112,4,1:20,False,0,{'id': '10'},[{'athlete': {'id': '4437244'}}],2025-03-16T02:20:54Z,False,"{'x': 30, 'y': 11}",80.0
401705536691,691,"{'id': '98', 'text': 'Free Throw - 1 of 2'}",Coby White makes free throw 1 of 2,106,112,4,1:20,True,1,{'id': '4'},[{'athlete': {'id': '4395651'}}],2025-03-16T02:21:27Z,True,"{'x': -214748340, 'y': -214748365}",80.0
401705536692,692,"{'id': '99', 'text': 'Free Throw - 2 of 2'}",Coby White makes free throw 2 of 2,107,112,4,1:20,True,1,{'id': '4'},[{'athlete': {'id': '4395651'}}],2025-03-16T02:21:43Z,True,"{'x': -214748340, 'y': -214748365}",80.0
401705536693,693,"{'id': '120', 'text': 'Turnaround Hook Shot'}",Alperen Sengun makes 7-foot two point shot,107,114,4,58.1,True,2,{'id': '10'},[{'athlete': {'id': '4871144'}}],2025-03-16T02:22:15Z,True,"{'x': 26, 'y': 7}",58.1
401705536694,694,"{'id': '45', 'text': 'Personal Foul'}",Dillon Brooks personal foul,107,114,4,53.1,False,0,{'id': '10'},[{'athlete': {'id': '3155526'}}],2025-03-16T02:22:26Z,False,"{'x': 23, 'y': 25}",53.1
401705536696,696,"{'id': '98', 'text': 'Free Throw - 1 of 2'}",Coby White makes free throw 1 of 2,108,114,4,53.1,True,1,{'id': '4'},[{'athlete': {'id': '4395651'}}],2025-03-16T02:22:54Z,True,"{'x': -214748340, 'y': -214748365}",53.1
401705536697,697,"{'id': '99', 'text': 'Free Throw - 2 of 2'}",Coby White makes free throw 2 of 2,109,114,4,53.1,True,1,{'id': '4'},[{'athlete': {'id': '4395651'}}],2025-03-16T02:23:10Z,True,"{'x': -214748340, 'y': -214748365}",53.1
401705536698,698,"{'id': '110', 'text': 'Driving Layup Shot'}",Patrick Williams blocks Jalen Green 's 2-foot driving layup,109,114,4,45.1,False,0,{'id': '10'},"[{'athlete': {'id': '4437244'}}, {'athlete': {'id': '4431687'}}]",2025-03-16T02:23:21Z,True,"{'x': 28, 'y': 1}",45.1
401705536700,700,"{'id': '155', 'text': 'Defensive Rebound'}",Nikola Vucevic defensive rebound,109,114,4,41.1,False,0,{'id': '4'},[{'athlete': {'id': '6478'}}],2025-03-16T02:23:25Z,False,"{'x': 28, 'y': 1}",41.1
401705536701,701,"{'id': '92', 'text': 'Jump Shot'}",Nikola Vucevic makes 27-foot three point jumper (Coby White assists),112,114,4,37.1,True,3,{'id': '4'},"[{'athlete': {'id': '6478'}}, {'athlete': {'id': '4395651'}}]",2025-03-16T02:23:29Z,True,"{'x': 13, 'y': 25}",37.1
401705536703,703,"{'id': '92', 'text': 'Jump Shot'}",Dillon Brooks misses 25-foot three point jumper,112,114,4,16.0,False,0,{'id': '10'},[{'athlete': {'id': '3155526'}}],2025-03-16T02:23:56Z,True,"{'x': 39, 'y': 21}",16.0
401705536704,704,"{'id': '156', 'text': 'Offensive Rebound'}",Jalen Green offensive rebound,112,114,4,14.1,False,0,{'id': '10'},[{'athlete': {'id': '4437244'}}],2025-03-16T02:23:58Z,False,"{'x': 39, 'y': 21}",14.1
401705536705,705,"{'id': '94', 'text': 'Tip Shot'}",Jalen Green makes tip shot,112,116,4,14.0,True,2,{'id': '10'},[{'athlete': {'id': '4437244'}}],2025-03-16T02:24:00Z,True,"{'x': 25, 'y': 0}",14.0
401705536706,706,"{'id': '16', 'text': 'Full Timeout'}",Bulls Full timeout,112,116,4,14.0,False,0,{'id': '4'},,2025-03-16T02:24:07Z,False,"{'x': -214748340, 'y': -214748365}",14.0
401705536707,707,"{'id': '584', 'text': 'Substitution'}",Aaron Holiday enters the game for Jalen Green,112,116,4,14.0,False,0,{'id': '10'},"[{'athlete': {'id': '3922230'}}, {'athlete': {'id': '4437244'}}]",2025-03-16T02:25:27Z,False,"{'x': -214748340, 'y': -214748365}",14.0
401705536708,708,"{'id': '584', 'text': 'Substitution'}",Jae'Sean Tate enters the game for Alperen Sengun,112,116,4,14.0,False,0,{'id': '10'},"[{'athlete': {'id': '3136777'}}, {'athlete': {'id': '4871144'}}]",2025-03-16T02:25:27Z,False,"{'x': -214748340, 'y': -214748365}",14.0
401705536712,712,"{'id': '16', 'text': 'Full Timeout'}",Bulls Full timeout,112,116,4,13.1,False,0,{'id': '4'},,2025-03-16T02:26:24Z,False,"{'x': -214748340, 'y': -214748365}",13.1
401705536713,713,"{'id': '110', 'text': 'Driving Layup Shot'}",Coby White misses driving layup,112,116,4,6.0,False,0,{'id': '4'},[{'athlete': {'id': '4395651'}}],2025-03-16T02:27:47Z,True,"{'x': 27, 'y': 3}",6.0
401705536714,714,"{'id': '155', 'text': 'Defensive Rebound'}",Aaron Holiday defensive rebound,112,116,4,5.1,False,0,{'id': '10'},[{'athlete': {'id': '3922230'}}],2025-03-16T02:27:47Z,False,"{'x': 27, 'y': 3}",5.1
401705536715,715,"{'id': '22', 'text': 'Personal Take Foul'}",Kevin Huerter personal take foul,112,116,4,5.1,False,0,{'id': '4'},[{'athlete': {'id': '4066372'}}],2025-03-16T02:27:51Z,False,"{'x': 29, 'y': 10}",5.1
401705536717,717,"{'id': '98', 'text': 'Free Throw - 1 of 2'}",Aaron Holiday misses free throw 1 of 2,112,116,4,5.1,False,0,{'id': '10'},[{'athlete': {'id': '3922230'}}],2025-03-16T02:28:16Z,True,"{'x': -214748340, 'y': -214748365}",5.1
401705536718,718,"{'id': '156', 'text': 'Offensive Rebound'}",Rockets offensive team rebound,112,116,4,5.1,False,0,{'id': '10'},,2025-03-16T02:28:16Z,False,"{'x': -214748340, 'y': -214748365}",5.1
401705536719,719,"{'id': '99', 'text': 'Free Throw - 2 of 2'}",Aaron Holiday makes free throw 2 of 2,112,117,4,5.1,True,1,{'id': '10'},[{'athlete': {'id': '3922230'}}],2025-03-16T02:28:31Z,True,"{'x': -214748340, 'y': -214748365}",5.1
401705536720,720,"{'id': '128', 'text': 'Driving Finger Roll Layup'}",Tre Jones makes 1-foot two point shot,114,117,4,1.0,True,2,{'id': '4'},[{'athlete': {'id': '4395626'}}],2025-03-16T02:28:39Z,True,"{'x': 26, 'y': 2}",1.0
401705536721,721,"{'id': '412', 'text': 'End Period'}",End of the 4th Quarter,114,117,4,0.0,False,0,,,2025-03-16T02:28:50Z,False,"{'x': -214748340, 'y': -214748365}",0.0
401705536722,722,"{'id': '402', 'text': 'End Game'}",End of Game,114,117,4,0.0,False,0,,,2025-03-16T02:28:52Z,False,"{'x': -214748340, 'y': -214748365}",0.0
