id,sequenceNumber,type,text,awayScore,homeScore,period,clock,scoringPlay,scoreValue,team,participants,wallclock,shootingPlay,coordinate,clockSec
4017055134,4,"{'id': '615', 'text': 'Jumpball'}",Andre Drummond vs. Jakob Poeltl (Jared Rhoden gains possession),0,0,1,12:00,False,0,{'id': '28'},"[{'athlete': {'id': '3134908'}}, {'athlete': {'id': '6585'}}, {'athlete': {'id': '4397119'}}]",2025-03-12T23:43:17Z,False,"{'x': -214748340, 'y': -214748365}",720.0
4017055137,7,"{'id': '63', 'text': 'Lost Ball Turnover'}",Jakob Poeltl lost ball turnover (Quentin Grimes steals),0,0,1,11:40,False,0,{'id': '28'},"[{'athlete': {'id': '3134908'}}, {'athlete': {'id': '4397014'}}]",2025-03-12T23:43:34Z,False,"{'x': 19, 'y': 13}",700.0
4017055139,9,"{'id': '131', 'text': 'Pullup Jump Shot'}",Kelly Oubre Jr. misses 12-foot pullup jump shot,0,0,1,11:31,False,0,{'id': '20'},[{'athlete': {'id': '3133603'}}],2025-03-12T23:43:43Z,True,"{'x': 37, 'y': -1}",691.0
40170551310,10,"{'id': '155', 'text': 'Defensive Rebound'}",Colin Castleton defensive rebound,0,0,1,11:28,False,0,{'id': '28'},[{'athlete': {'id': '4397204'}}],2025-03-12T23:43:46Z,False,"{'x': 37, 'y': -1}",688.0
40170551311,11,"{'id': '145', 'text': 'Driving Floating Bank Jump Shot'}",Jamal Shead makes 10-foot two point shot,0,2,1,11:21,True,2,{'id': '28'},[{'athlete': {'id': '4432241'}}],2025-03-12T23:43:54Z,True,"{'x': 34, 'y': 5}",681.0
40170551312,12,"{'id': '92', 'text': 'Jump Shot'}",Jared Butler makes 23-foot three point jumper (Andre Drummond assists),3,2,1,10:59,True,3,{'id': '20'},"[{'athlete': {'id': '4395695'}}, {'athlete': {'id': '6585'}}]",2025-03-12T23:44:16Z,True,"{'x': 48, 'y': 1}",659.0
40170551314,14,"{'id': '45', 'text': 'Personal Foul'}",Jared Butler personal foul,3,2,1,10:47,False,0,{'id': '20'},[{'athlete': {'id': '4395695'}}],2025-03-12T23:44:29Z,False,"{'x': 43, 'y': 32}",647.0
40170551316,16,"{'id': '139', 'text': 'Hook Driving Bank'}",Colin Castleton misses 8-foot two point shot,3,2,1,10:41,False,0,{'id': '28'},[{'athlete': {'id': '4397204'}}],2025-03-12T23:44:52Z,True,"{'x': 26, 'y': 9}",641.0
40170551317,17,"{'id': '156', 'text': 'Offensive Rebound'}",Jared Rhoden offensive rebound,3,2,1,10:38,False,0,{'id': '28'},[{'athlete': {'id': '4397119'}}],2025-03-12T23:44:55Z,False,"{'x': 26, 'y': 9}",638.0
40170551318,18,"{'id': '144', 'text': 'Driving Floating Jump Shot'}",Justin Edwards blocks Jakob Poeltl 's 9-foot driving floating jump shot,3,2,1,10:34,False,0,{'id': '28'},"[{'athlete': {'id': '3134908'}}, {'athlete': {'id': '4711297'}}]",2025-03-12T23:45:00Z,True,"{'x': 22, 'y': 9}",634.0
40170551320,20,"{'id': '156', 'text': 'Offensive Rebound'}",Raptors offensive team rebound,3,2,1,10:32,False,0,{'id': '28'},,2025-03-12T23:45:02Z,False,"{'x': 22, 'y': 9}",632.0
40170551322,22,"{'id': '132', 'text': 'Step Back Jump Shot'}",Jamison Battle misses 23-foot three point step back jumpshot,3,2,1,10:29,False,0,{'id': '28'},[{'athlete': {'id': '4431893'}}],2025-03-12T23:45:21Z,True,"{'x': 2, 'y': 5}",629.0
40170551323,23,"{'id': '155', 'text': 'Defensive Rebound'}",Jared Butler defensive rebound,3,2,1,10:25,False,0,{'id': '20'},[{'athlete': {'id': '4395695'}}],2025-03-12T23:45:25Z,False,"{'x': 2, 'y': 5}",625.0
40170551324,24,"{'id': '144', 'text': 'Driving Floating Jump Shot'}",Justin Edwards makes 11-foot driving floating jump shot,5,2,1,10:20,True,2,{'id': '20'},[{'athlete': {'id': '4711297'}}],2025-03-12T23:45:29Z,True,"{'x': 15, 'y': 4}",620.0
40170551325,25,"{'id': '131', 'text': 'Pullup Jump Shot'}",Jared Rhoden misses 17-foot pullup jump shot,5,2,1,10:02,False,0,{'id': '28'},[{'athlete': {'id': '4397119'}}],2025-03-12T23:45:47Z,True,"{'x': 36, 'y': 14}",602.0
40170551326,26,"{'id': '155', 'text': 'Defensive Rebound'}",Jared Butler defensive rebound,5,2,1,9:59,False,0,{'id': '20'},[{'athlete': {'id': '4395695'}}],2025-03-12T23:45:50Z,False,"{'x': 36, 'y': 14}",599.0
40170551327,27,"{'id': '131', 'text': 'Pullup Jump Shot'}",Quentin Grimes misses 25-foot three point pullup jump shot,5,2,1,9:52,False,0,{'id': '20'},[{'athlete': {'id': '4397014'}}],2025-03-12T23:45:57Z,True,"{'x': 17, 'y': 25}",592.0
40170551328,28,"{'id': '156', 'text': 'Offensive Rebound'}",Andre Drummond offensive rebound,5,2,1,9:49,False,0,{'id': '20'},[{'athlete': {'id': '6585'}}],2025-03-12T23:46:02Z,False,"{'x': 17, 'y': 25}",589.0
40170551329,29,"{'id': '132', 'text': 'Step Back Jump Shot'}",Quentin Grimes makes 24-foot three point step back jumpshot (Jared Butler assists),8,2,1,9:38,True,3,{'id': '20'},"[{'athlete': {'id': '4397014'}}, {'athlete': {'id': '4395695'}}]",2025-03-12T23:46:13Z,True,"{'x': 10, 'y': 20}",578.0
40170551331,31,"{'id': '92', 'text': 'Jump Shot'}",Jamison Battle misses 26-foot three point jumper,8,2,1,9:28,False,0,{'id': '28'},[{'athlete': {'id': '4431893'}}],2025-03-12T23:46:22Z,True,"{'x': 8, 'y': 20}",568.0
40170551332,32,"{'id': '156', 'text': 'Offensive Rebound'}",Jared Rhoden offensive rebound,8,2,1,9:24,False,0,{'id': '28'},[{'athlete': {'id': '4397119'}}],2025-03-12T23:46:26Z,False,"{'x': 8, 'y': 20}",564.0
40170551333,33,"{'id': '125', 'text': 'Layup Shot Putback'}",Jared Rhoden makes two point shot,8,4,1,9:22,True,2,{'id': '28'},[{'athlete': {'id': '4397119'}}],2025-03-12T23:46:28Z,True,"{'x': 26, 'y': 1}",562.0
40170551335,35,"{'id': '92', 'text': 'Jump Shot'}",Justin Edwards misses 25-foot three point jumper,8,4,1,9:15,False,0,{'id': '20'},[{'athlete': {'id': '4711297'}}],2025-03-12T23:46:34Z,True,"{'x': 9, 'y': 20}",555.0
40170551336,36,"{'id': '155', 'text': 'Defensive Rebound'}",Jared Rhoden defensive rebound,8,4,1,9:13,False,0,{'id': '28'},[{'athlete': {'id': '4397119'}}],2025-03-12T23:46:36Z,False,"{'x': 9, 'y': 20}",553.0
40170551337,37,"{'id': '92', 'text': 'Jump Shot'}",Jamison Battle misses 25-foot three point jumper,8,4,1,8:59,False,0,{'id': '28'},[{'athlete': {'id': '4431893'}}],2025-03-12T23:46:50Z,True,"{'x': 46, 'y': 15}",539.0
40170551338,38,"{'id': '155', 'text': 'Defensive Rebound'}",Kelly Oubre Jr. defensive rebound,8,4,1,8:56,False,0,{'id': '20'},[{'athlete': {'id': '3133603'}}],2025-03-12T23:46:53Z,False,"{'x': 46, 'y': 15}",536.0
40170551339,39,"{'id': '110', 'text': 'Driving Layup Shot'}",Andre Drummond misses driving layup,8,4,1,8:48,False,0,{'id': '20'},[{'athlete': {'id': '6585'}}],2025-03-12T23:47:02Z,True,"{'x': 30, 'y': 5}",528.0
40170551340,40,"{'id': '155', 'text': 'Defensive Rebound'}",Jamison Battle defensive rebound,8,4,1,8:46,False,0,{'id': '28'},[{'athlete': {'id': '4431893'}}],2025-03-12T23:47:04Z,False,"{'x': 30, 'y': 5}",526.0
40170551341,41,"{'id': '113', 'text': 'Running Jump Shot'}",Jared Rhoden misses 23-foot three point shot,8,4,1,8:42,False,0,{'id': '28'},[{'athlete': {'id': '4397119'}}],2025-03-12T23:47:08Z,True,"{'x': 1, 'y': -1}",522.0
40170551342,42,"{'id': '155', 'text': 'Defensive Rebound'}",Kelly Oubre Jr. defensive rebound,8,4,1,8:39,False,0,{'id': '20'},[{'athlete': {'id': '3133603'}}],2025-03-12T23:47:11Z,False,"{'x': 1, 'y': -1}",519.0
40170551343,43,"{'id': '131', 'text': 'Pullup Jump Shot'}",Kelly Oubre Jr. misses 25-foot three point pullup jump shot,8,4,1,8:30,False,0,{'id': '20'},[{'athlete': {'id': '3133603'}}],2025-03-12T23:47:19Z,True,"{'x': 19, 'y': 25}",510.0
40170551344,44,"{'id': '155', 'text': 'Defensive Rebound'}",Jared Rhoden defensive rebound,8,4,1,8:28,False,0,{'id': '28'},[{'athlete': {'id': '4397119'}}],2025-03-12T23:47:21Z,False,"{'x': 19, 'y': 25}",508.0
40170551345,45,"{'id': '92', 'text': 'Jump Shot'}",Jamal Shead misses 27-foot three point jumper,8,4,1,8:16,False,0,{'id': '28'},[{'athlete': {'id': '4432241'}}],2025-03-12T23:47:34Z,True,"{'x': 31, 'y': 27}",496.0
40170551346,46,"{'id': '155', 'text': 'Defensive Rebound'}",Kelly Oubre Jr. defensive rebound,8,4,1,8:13,False,0,{'id': '20'},[{'athlete': {'id': '3133603'}}],2025-03-12T23:47:37Z,False,"{'x': 31, 'y': 27}",493.0
40170551347,47,"{'id': '92', 'text': 'Jump Shot'}",Justin Edwards misses 25-foot three point jumper,8,4,1,7:54,False,0,{'id': '20'},[{'athlete': {'id': '4711297'}}],2025-03-12T23:47:56Z,True,"{'x': 29, 'y': 25}",474.0
40170551348,48,"{'id': '155', 'text': 'Defensive Rebound'}",Jakob Poeltl defensive rebound,8,4,1,7:51,False,0,{'id': '28'},[{'athlete': {'id': '3134908'}}],2025-03-12T23:47:59Z,False,"{'x': 29, 'y': 25}",471.0
40170551349,49,"{'id': '130', 'text': 'Floating Jump Shot'}",Jakob Poeltl makes 6-foot two point shot (Jamal Shead assists),8,6,1,7:42,True,2,{'id': '28'},"[{'athlete': {'id': '3134908'}}, {'athlete': {'id': '4432241'}}]",2025-03-12T23:48:09Z,True,"{'x': 24, 'y': 7}",462.0
40170551351,51,"{'id': '62', 'text': 'Bad Pass\nTurnover'}",Quentin Grimes bad pass (Jakob Poeltl steals),8,6,1,7:26,False,0,{'id': '20'},"[{'athlete': {'id': '4397014'}}, {'athlete': {'id': '3134908'}}]",2025-03-12T23:48:24Z,False,"{'x': 15, 'y': 5}",446.0
40170551353,53,"{'id': '62', 'text': 'Bad Pass\nTurnover'}",Jamal Shead bad pass (Justin Edwards steals),8,6,1,7:19,False,0,{'id': '28'},"[{'athlete': {'id': '4432241'}}, {'athlete': {'id': '4711297'}}]",2025-03-12T23:48:31Z,False,"{'x': 35, 'y': 19}",439.0
40170551355,55,"{'id': '129', 'text': 'Running Finger Roll Layup'}",Justin Edwards misses two point shot,8,6,1,7:14,False,0,{'id': '20'},[{'athlete': {'id': '4711297'}}],2025-03-12T23:48:37Z,True,"{'x': 24, 'y': 0}",434.0
40170551356,56,"{'id': '156', 'text': 'Offensive Rebound'}",76ers offensive team rebound,8,6,1,7:13,False,0,{'id': '20'},,2025-03-12T23:48:38Z,False,"{'x': 24, 'y': 0}",433.0
40170551358,58,"{'id': '63', 'text': 'Lost Ball Turnover'}",Quentin Grimes lost ball turnover (Jared Rhoden steals),8,6,1,7:09,False,0,{'id': '20'},"[{'athlete': {'id': '4397014'}}, {'athlete': {'id': '4397119'}}]",2025-03-12T23:49:00Z,False,"{'x': 23, 'y': 5}",429.0
40170551360,60,"{'id': '116', 'text': 'Running Dunk Shot'}",Colin Castleton makes dunk (Jamal Shead assists),8,8,1,7:04,True,2,{'id': '28'},"[{'athlete': {'id': '4397204'}}, {'athlete': {'id': '4432241'}}]",2025-03-12T23:49:06Z,True,"{'x': 25, 'y': 1}",424.0
40170551362,62,"{'id': '44', 'text': 'Shooting Foul'}",Andre Drummond shooting foul,8,8,1,7:04,False,0,{'id': '20'},[{'athlete': {'id': '6585'}}],2025-03-12T23:49:09Z,False,"{'x': 25, 'y': 1}",424.0
40170551364,64,"{'id': '97', 'text': 'Free Throw - 1 of 1'}",Colin Castleton makes free throw 1 of 1,8,9,1,7:04,True,1,{'id': '28'},[{'athlete': {'id': '4397204'}}],2025-03-12T23:49:32Z,True,"{'x': -214748340, 'y': -214748365}",424.0
40170551365,65,"{'id': '131', 'text': 'Pullup Jump Shot'}",Quentin Grimes misses 18-foot pullup jump shot,8,9,1,6:55,False,0,{'id': '20'},[{'athlete': {'id': '4397014'}}],2025-03-12T23:49:47Z,True,"{'x': 39, 'y': 13}",415.0
40170551366,66,"{'id': '155', 'text': 'Defensive Rebound'}",Jared Rhoden defensive rebound,8,9,1,6:52,False,0,{'id': '28'},[{'athlete': {'id': '4397119'}}],2025-03-12T23:49:50Z,False,"{'x': 39, 'y': 13}",412.0
40170551367,67,"{'id': '92', 'text': 'Jump Shot'}",Jamal Shead misses 26-foot three point jumper,8,9,1,6:46,False,0,{'id': '28'},[{'athlete': {'id': '4432241'}}],2025-03-12T23:49:55Z,True,"{'x': 16, 'y': 25}",406.0
40170551368,68,"{'id': '155', 'text': 'Defensive Rebound'}",76ers defensive team rebound,8,9,1,6:44,False,0,{'id': '20'},,2025-03-12T23:49:57Z,False,"{'x': 16, 'y': 25}",404.0
40170551370,70,"{'id': '16', 'text': 'Full Timeout'}",Raptors Full timeout,8,9,1,6:44,False,0,{'id': '28'},,2025-03-12T23:50:03Z,False,"{'x': -214748340, 'y': -214748365}",404.0
40170551371,71,"{'id': '584', 'text': 'Substitution'}",A.J. Lawson enters the game for Jakob Poeltl,8,9,1,6:44,False,0,{'id': '28'},"[{'athlete': {'id': '4067017'}}, {'athlete': {'id': '3134908'}}]",2025-03-12T23:50:04Z,False,"{'x': -214748340, 'y': -214748365}",404.0
40170551372,72,"{'id': '584', 'text': 'Substitution'}",Orlando Robinson enters the game for Jamison Battle,8,9,1,6:44,False,0,{'id': '28'},"[{'athlete': {'id': '4593049'}}, {'athlete': {'id': '4431893'}}]",2025-03-12T23:50:04Z,False,"{'x': -214748340, 'y': -214748365}",404.0
40170551373,73,"{'id': '584', 'text': 'Substitution'}",Lonnie Walker IV enters the game for Quentin Grimes,8,9,1,6:44,False,0,{'id': '20'},"[{'athlete': {'id': '4277890'}}, {'athlete': {'id': '4397014'}}]",2025-03-12T23:50:04Z,False,"{'x': -214748340, 'y': -214748365}",404.0
40170551374,74,"{'id': '584', 'text': 'Substitution'}",Ricky Council IV enters the game for Justin Edwards,8,9,1,6:44,False,0,{'id': '20'},"[{'athlete': {'id': '4701234'}}, {'athlete': {'id': '4711297'}}]",2025-03-12T23:50:04Z,False,"{'x': -214748340, 'y': -214748365}",404.0
40170551379,79,"{'id': '121', 'text': 'Fade Away Jump Shot'}",Kelly Oubre Jr. misses 5-foot two point shot,8,9,1,6:31,False,0,{'id': '20'},[{'athlete': {'id': '3133603'}}],2025-03-12T23:53:18Z,True,"{'x': 20, 'y': 2}",391.0
40170551380,80,"{'id': '155', 'text': 'Defensive Rebound'}",A.J. Lawson defensive rebound,8,9,1,6:29,False,0,{'id': '28'},[{'athlete': {'id': '4067017'}}],2025-03-12T23:53:20Z,False,"{'x': 20, 'y': 2}",389.0
40170551381,81,"{'id': '144', 'text': 'Driving Floating Jump Shot'}",Jamal Shead misses driving floating jump shot,8,9,1,6:24,False,0,{'id': '28'},[{'athlete': {'id': '4432241'}}],2025-03-12T23:53:25Z,True,"{'x': 35, 'y': 3}",384.0
40170551382,82,"{'id': '155', 'text': 'Defensive Rebound'}",Lonnie Walker IV defensive rebound,8,9,1,6:24,False,0,{'id': '20'},[{'athlete': {'id': '4277890'}}],2025-03-12T23:53:25Z,False,"{'x': 35, 'y': 3}",384.0
40170551383,83,"{'id': '45', 'text': 'Personal Foul'}",Colin Castleton personal foul,8,9,1,6:24,False,0,{'id': '28'},[{'athlete': {'id': '4397204'}}],2025-03-12T23:53:41Z,False,"{'x': 22, 'y': 4}",384.0
40170551386,86,"{'id': '584', 'text': 'Substitution'}",Jeff Dowtin Jr. enters the game for Lonnie Walker IV,8,9,1,6:24,False,0,{'id': '20'},"[{'athlete': {'id': '4066786'}}, {'athlete': {'id': '4277890'}}]",2025-03-12T23:54:58Z,False,"{'x': -214748340, 'y': -214748365}",384.0
40170551388,88,"{'id': '44', 'text': 'Shooting Foul'}",Orlando Robinson shooting foul,8,9,1,6:12,False,0,{'id': '28'},[{'athlete': {'id': '4593049'}}],2025-03-12T23:56:08Z,False,"{'x': 28, 'y': 1}",372.0
40170551390,90,"{'id': '98', 'text': 'Free Throw - 1 of 2'}",Kelly Oubre Jr. misses free throw 1 of 2,8,9,1,6:12,False,0,{'id': '20'},[{'athlete': {'id': '3133603'}}],2025-03-12T23:56:33Z,True,"{'x': -214748340, 'y': -214748365}",372.0
40170551391,91,"{'id': '156', 'text': 'Offensive Rebound'}",76ers offensive team rebound,8,9,1,6:12,False,0,{'id': '20'},,2025-03-12T23:56:33Z,False,"{'x': -214748340, 'y': -214748365}",372.0
40170551392,92,"{'id': '99', 'text': 'Free Throw - 2 of 2'}",Kelly Oubre Jr. makes free throw 2 of 2,9,9,1,6:12,True,1,{'id': '20'},[{'athlete': {'id': '3133603'}}],2025-03-12T23:56:46Z,True,"{'x': -214748340, 'y': -214748365}",372.0
40170551393,93,"{'id': '128', 'text': 'Driving Finger Roll Layup'}",Kelly Oubre Jr. blocks A.J. Lawson 's 3-foot two point shot,9,9,1,5:58,False,0,{'id': '28'},"[{'athlete': {'id': '4067017'}}, {'athlete': {'id': '3133603'}}]",2025-03-12T23:57:01Z,True,"{'x': 22, 'y': 2}",358.0
40170551395,95,"{'id': '156', 'text': 'Offensive Rebound'}",Orlando Robinson offensive rebound,9,9,1,5:54,False,0,{'id': '28'},[{'athlete': {'id': '4593049'}}],2025-03-12T23:57:05Z,False,"{'x': 22, 'y': 2}",354.0
40170551396,96,"{'id': '125', 'text': 'Layup Shot Putback'}",Orlando Robinson misses two point shot,9,9,1,5:54,False,0,{'id': '28'},[{'athlete': {'id': '4593049'}}],2025-03-12T23:57:06Z,True,"{'x': 25, 'y': 0}",354.0
40170551397,97,"{'id': '155', 'text': 'Defensive Rebound'}",Andre Drummond defensive rebound,9,9,1,5:53,False,0,{'id': '20'},[{'athlete': {'id': '6585'}}],2025-03-12T23:57:07Z,False,"{'x': 25, 'y': 0}",353.0
40170551398,98,"{'id': '44', 'text': 'Shooting Foul'}",Jamal Shead shooting foul,9,9,1,5:49,False,0,{'id': '28'},[{'athlete': {'id': '4432241'}}],2025-03-12T23:57:13Z,False,"{'x': 29, 'y': 14}",349.0
401705513100,100,"{'id': '98', 'text': 'Free Throw - 1 of 2'}",Ricky Council IV makes free throw 1 of 2,10,9,1,5:49,True,1,{'id': '20'},[{'athlete': {'id': '4701234'}}],2025-03-12T23:57:42Z,True,"{'x': -214748340, 'y': -214748365}",349.0
401705513101,101,"{'id': '99', 'text': 'Free Throw - 2 of 2'}",Ricky Council IV makes free throw 2 of 2,11,9,1,5:49,True,1,{'id': '20'},[{'athlete': {'id': '4701234'}}],2025-03-12T23:57:58Z,True,"{'x': -214748340, 'y': -214748365}",349.0
401705513102,102,"{'id': '141', 'text': 'Cutting Layup Shot'}",Orlando Robinson makes 5-foot layup (Jamal Shead assists),11,11,1,5:37,True,2,{'id': '28'},"[{'athlete': {'id': '4593049'}}, {'athlete': {'id': '4432241'}}]",2025-03-12T23:58:13Z,True,"{'x': 20, 'y': 2}",337.0
401705513104,104,"{'id': '151', 'text': 'Cutting Dunk Shot'}",Kelly Oubre Jr. makes dunk (Jared Butler assists),13,11,1,5:25,True,2,{'id': '20'},"[{'athlete': {'id': '3133603'}}, {'athlete': {'id': '4395695'}}]",2025-03-12T23:58:25Z,True,"{'x': 26, 'y': 1}",325.0
401705513106,106,"{'id': '92', 'text': 'Jump Shot'}",Jared Rhoden makes 23-foot three point jumper,13,14,1,5:07,True,3,{'id': '28'},[{'athlete': {'id': '4397119'}}],2025-03-12T23:58:42Z,True,"{'x': 48, 'y': 7}",307.0
401705513108,108,"{'id': '92', 'text': 'Jump Shot'}",Ricky Council IV misses 25-foot three point jumper,13,14,1,4:55,False,0,{'id': '20'},[{'athlete': {'id': '4701234'}}],2025-03-12T23:58:54Z,True,"{'x': 3, 'y': 14}",295.0
401705513109,109,"{'id': '155', 'text': 'Defensive Rebound'}",A.J. Lawson defensive rebound,13,14,1,4:52,False,0,{'id': '28'},[{'athlete': {'id': '4067017'}}],2025-03-12T23:58:57Z,False,"{'x': 3, 'y': 14}",292.0
401705513110,110,"{'id': '113', 'text': 'Running Jump Shot'}",Orlando Robinson makes 26-foot three point shot (Jamal Shead assists),13,17,1,4:46,True,3,{'id': '28'},"[{'athlete': {'id': '4593049'}}, {'athlete': {'id': '4432241'}}]",2025-03-12T23:59:03Z,True,"{'x': 11, 'y': 23}",286.0
401705513112,112,"{'id': '44', 'text': 'Shooting Foul'}",A.J. Lawson shooting foul,13,17,1,4:35,False,0,{'id': '28'},[{'athlete': {'id': '4067017'}}],2025-03-12T23:59:17Z,False,"{'x': 28, 'y': 9}",275.0
401705513114,114,"{'id': '98', 'text': 'Free Throw - 1 of 2'}",Kelly Oubre Jr. misses free throw 1 of 2,13,17,1,4:35,False,0,{'id': '20'},[{'athlete': {'id': '3133603'}}],2025-03-12T23:59:50Z,True,"{'x': -214748340, 'y': -214748365}",275.0
401705513115,115,"{'id': '156', 'text': 'Offensive Rebound'}",76ers offensive team rebound,13,17,1,4:35,False,0,{'id': '20'},,2025-03-12T23:59:50Z,False,"{'x': -214748340, 'y': -214748365}",275.0
401705513116,116,"{'id': '584', 'text': 'Substitution'}",Garrett Temple enters the game for Jamal Shead,13,17,1,4:35,False,0,{'id': '28'},"[{'athlete': {'id': '4023'}}, {'athlete': {'id': '4432241'}}]",2025-03-12T23:59:51Z,False,"{'x': -214748340, 'y': -214748365}",275.0
401705513117,117,"{'id': '584', 'text': 'Substitution'}",Adem Bona enters the game for Andre Drummond,13,17,1,4:35,False,0,{'id': '20'},"[{'athlete': {'id': '5105637'}}, {'athlete': {'id': '6585'}}]",2025-03-12T23:59:51Z,False,"{'x': -214748340, 'y': -214748365}",275.0
401705513118,118,"{'id': '584', 'text': 'Substitution'}",Alex Reese enters the game for Jared Butler,13,17,1,4:35,False,0,{'id': '20'},"[{'athlete': {'id': '4277812'}}, {'athlete': {'id': '4395695'}}]",2025-03-12T23:59:51Z,False,"{'x': -214748340, 'y': -214748365}",275.0
401705513122,122,"{'id': '99', 'text': 'Free Throw - 2 of 2'}",Kelly Oubre Jr. misses free throw 2 of 2,13,17,1,4:35,False,0,{'id': '20'},[{'athlete': {'id': '3133603'}}],2025-03-12T23:59:50Z,True,"{'x': -214748340, 'y': -214748365}",275.0
401705513123,123,"{'id': '155', 'text': 'Defensive Rebound'}",Jared Rhoden defensive rebound,13,17,1,4:32,False,0,{'id': '28'},[{'athlete': {'id': '4397119'}}],2025-03-12T23:59:53Z,False,"{'x': -214748340, 'y': -214748365}",272.0
401705513124,124,"{'id': '131', 'text': 'Pullup Jump Shot'}",Garrett Temple makes 16-foot pullup jump shot,13,19,1,4:09,True,2,{'id': '28'},[{'athlete': {'id': '4023'}}],2025-03-13T00:00:41Z,True,"{'x': 9, 'y': 0}",249.0
401705513125,125,"{'id': '128', 'text': 'Driving Finger Roll Layup'}",Ricky Council IV misses two point shot,13,19,1,3:53,False,0,{'id': '20'},[{'athlete': {'id': '4701234'}}],2025-03-13T00:00:57Z,True,"{'x': 27, 'y': 1}",233.0
401705513126,126,"{'id': '155', 'text': 'Defensive Rebound'}",Colin Castleton defensive rebound,13,19,1,3:52,False,0,{'id': '28'},[{'athlete': {'id': '4397204'}}],2025-03-13T00:00:58Z,False,"{'x': 27, 'y': 1}",232.0
401705513127,127,"{'id': '113', 'text': 'Running Jump Shot'}",A.J. Lawson misses 23-foot three point shot,13,19,1,3:47,False,0,{'id': '28'},[{'athlete': {'id': '4067017'}}],2025-03-13T00:01:03Z,True,"{'x': 48, 'y': 2}",227.0
401705513128,128,"{'id': '155', 'text': 'Defensive Rebound'}",Jeff Dowtin Jr. defensive rebound,13,19,1,3:44,False,0,{'id': '20'},[{'athlete': {'id': '4066786'}}],2025-03-13T00:01:06Z,False,"{'x': 48, 'y': 2}",224.0
401705513129,129,"{'id': '92', 'text': 'Jump Shot'}",Alex Reese misses 23-foot three point jumper,13,19,1,3:31,False,0,{'id': '20'},[{'athlete': {'id': '4277812'}}],2025-03-13T00:01:19Z,True,"{'x': 48, 'y': 6}",211.0
401705513130,130,"{'id': '155', 'text': 'Defensive Rebound'}",A.J. Lawson defensive rebound,13,19,1,3:29,False,0,{'id': '28'},[{'athlete': {'id': '4067017'}}],2025-03-13T00:01:21Z,False,"{'x': 48, 'y': 6}",209.0
401705513131,131,"{'id': '109', 'text': 'Running Layup Shot'}",Alex Reese blocks Garrett Temple 's 3-foot two point shot,13,19,1,3:25,False,0,{'id': '28'},"[{'athlete': {'id': '4023'}}, {'athlete': {'id': '4277812'}}]",2025-03-13T00:01:28Z,True,"{'x': 25, 'y': 4}",205.0
401705513133,133,"{'id': '156', 'text': 'Offensive Rebound'}",Raptors offensive team rebound,13,19,1,3:25,False,0,{'id': '28'},,2025-03-13T00:01:28Z,False,"{'x': 25, 'y': 4}",205.0
401705513135,135,"{'id': '584', 'text': 'Substitution'}",Jamison Battle enters the game for Colin Castleton,13,19,1,3:25,False,0,{'id': '28'},"[{'athlete': {'id': '4431893'}}, {'athlete': {'id': '4397204'}}]",2025-03-13T00:01:35Z,False,"{'x': -214748340, 'y': -214748365}",205.0
401705513136,136,"{'id': '584', 'text': 'Substitution'}",Quentin Grimes enters the game for Kelly Oubre Jr.,13,19,1,3:25,False,0,{'id': '20'},"[{'athlete': {'id': '4397014'}}, {'athlete': {'id': '3133603'}}]",2025-03-13T00:01:35Z,False,"{'x': -214748340, 'y': -214748365}",205.0
401705513139,139,"{'id': '112', 'text': 'Reverse Layup Shot'}",A.J. Lawson misses 2-foot two point shot,13,19,1,3:23,False,0,{'id': '28'},[{'athlete': {'id': '4067017'}}],2025-03-13T00:01:51Z,True,"{'x': 23, 'y': 1}",203.0
401705513140,140,"{'id': '155', 'text': 'Defensive Rebound'}",Adem Bona defensive rebound,13,19,1,3:21,False,0,{'id': '20'},[{'athlete': {'id': '5105637'}}],2025-03-13T00:01:53Z,False,"{'x': 23, 'y': 1}",201.0
401705513141,141,"{'id': '109', 'text': 'Running Layup Shot'}",Quentin Grimes makes two point shot,15,19,1,3:16,True,2,{'id': '20'},[{'athlete': {'id': '4397014'}}],2025-03-13T00:01:58Z,True,"{'x': 25, 'y': 1}",196.0
401705513142,142,"{'id': '45', 'text': 'Personal Foul'}",Adem Bona personal foul,15,19,1,3:02,False,0,{'id': '20'},[{'athlete': {'id': '5105637'}}],2025-03-13T00:02:13Z,False,"{'x': 11, 'y': 16}",182.0
401705513144,144,"{'id': '90', 'text': 'Out of Bounds - Bad Pass Turnover'}",Jared Rhoden out of bounds bad pass turnover,15,19,1,2:56,False,0,{'id': '28'},[{'athlete': {'id': '4397119'}}],2025-03-13T00:02:43Z,False,"{'x': 2, 'y': -3}",176.0
401705513145,145,"{'id': '16', 'text': 'Full Timeout'}",76ers Full timeout,15,19,1,2:56,False,0,{'id': '20'},,2025-03-13T00:02:47Z,False,"{'x': -214748340, 'y': -214748365}",176.0
401705513146,146,"{'id': '121', 'text': 'Fade Away Jump Shot'}",Quentin Grimes makes 12-foot two point shot,17,19,1,2:40,True,2,{'id': '20'},[{'athlete': {'id': '4397014'}}],2025-03-13T00:05:51Z,True,"{'x': 13, 'y': 2}",160.0
401705513147,147,"{'id': '144', 'text': 'Driving Floating Jump Shot'}",Orlando Robinson misses driving floating jump shot,17,19,1,2:26,False,0,{'id': '28'},[{'athlete': {'id': '4593049'}}],2025-03-13T00:06:05Z,True,"{'x': 23, 'y': 13}",146.0
401705513148,148,"{'id': '156', 'text': 'Offensive Rebound'}",Raptors offensive team rebound,17,19,1,2:25,False,0,{'id': '28'},,2025-03-13T00:06:06Z,False,"{'x': 23, 'y': 13}",145.0
401705513150,150,"{'id': '92', 'text': 'Jump Shot'}",Jamison Battle makes 24-foot three point jumper (Garrett Temple assists),17,22,1,2:22,True,3,{'id': '28'},"[{'athlete': {'id': '4431893'}}, {'athlete': {'id': '4023'}}]",2025-03-13T00:06:26Z,True,"{'x': 48, 'y': 8}",142.0
401705513152,152,"{'id': '44', 'text': 'Shooting Foul'}",Jared Rhoden shooting foul,17,22,1,2:01,False,0,{'id': '28'},[{'athlete': {'id': '4397119'}}],2025-03-13T00:06:49Z,False,"{'x': 24, 'y': 1}",121.0
401705513154,154,"{'id': '98', 'text': 'Free Throw - 1 of 2'}",Quentin Grimes makes free throw 1 of 2,18,22,1,2:01,True,1,{'id': '20'},[{'athlete': {'id': '4397014'}}],2025-03-13T00:07:19Z,True,"{'x': -214748340, 'y': -214748365}",121.0
401705513155,155,"{'id': '584', 'text': 'Substitution'}",Jamal Shead enters the game for Jared Rhoden,18,22,1,2:01,False,0,{'id': '28'},"[{'athlete': {'id': '4432241'}}, {'athlete': {'id': '4397119'}}]",2025-03-13T00:07:20Z,False,"{'x': -214748340, 'y': -214748365}",121.0
401705513157,157,"{'id': '99', 'text': 'Free Throw - 2 of 2'}",Quentin Grimes makes free throw 2 of 2,19,22,1,2:01,True,1,{'id': '20'},[{'athlete': {'id': '4397014'}}],2025-03-13T00:07:36Z,True,"{'x': -214748340, 'y': -214748365}",121.0
401705513158,158,"{'id': '130', 'text': 'Floating Jump Shot'}",Orlando Robinson misses 10-foot two point shot,19,22,1,1:45,False,0,{'id': '28'},[{'athlete': {'id': '4593049'}}],2025-03-13T00:07:54Z,True,"{'x': 24, 'y': 11}",105.0
401705513159,159,"{'id': '155', 'text': 'Defensive Rebound'}",Quentin Grimes defensive rebound,19,22,1,1:44,False,0,{'id': '20'},[{'athlete': {'id': '4397014'}}],2025-03-13T00:07:55Z,False,"{'x': 24, 'y': 11}",104.0
401705513160,160,"{'id': '87', 'text': 'Out of Bounds - Lost Ball Turnover'}",Quentin Grimes out of bounds lost ball turnover,19,22,1,1:36,False,0,{'id': '20'},[{'athlete': {'id': '4397014'}}],2025-03-13T00:08:07Z,False,"{'x': 39, 'y': -4}",96.0
401705513162,162,"{'id': '584', 'text': 'Substitution'}",Justin Edwards enters the game for Quentin Grimes,19,22,1,1:36,False,0,{'id': '20'},"[{'athlete': {'id': '4711297'}}, {'athlete': {'id': '4397014'}}]",2025-03-13T00:08:26Z,False,"{'x': -214748340, 'y': -214748365}",96.0
401705513164,164,"{'id': '132', 'text': 'Step Back Jump Shot'}",Jamison Battle makes 16-foot step back jumpshot,19,24,1,1:23,True,2,{'id': '28'},[{'athlete': {'id': '4431893'}}],2025-03-13T00:08:47Z,True,"{'x': 23, 'y': 17}",83.0
401705513165,165,"{'id': '128', 'text': 'Driving Finger Roll Layup'}",Jeff Dowtin Jr. makes 5-foot two point shot,21,24,1,1:06,True,2,{'id': '20'},[{'athlete': {'id': '4066786'}}],2025-03-13T00:09:04Z,True,"{'x': 30, 'y': 3}",66.0
401705513166,166,"{'id': '141', 'text': 'Cutting Layup Shot'}",Orlando Robinson makes 3-foot layup (A.J. Lawson assists),21,26,1,56.1,True,2,{'id': '28'},"[{'athlete': {'id': '4593049'}}, {'athlete': {'id': '4067017'}}]",2025-03-13T00:09:15Z,True,"{'x': 22, 'y': 2}",56.1
401705513168,168,"{'id': '128', 'text': 'Driving Finger Roll Layup'}",Alex Reese makes two point shot (Jeff Dowtin Jr. assists),23,26,1,45.0,True,2,{'id': '20'},"[{'athlete': {'id': '4277812'}}, {'athlete': {'id': '4066786'}}]",2025-03-13T00:09:28Z,True,"{'x': 24, 'y': 0}",45.0
401705513170,170,"{'id': '144', 'text': 'Driving Floating Jump Shot'}",Orlando Robinson misses driving floating jump shot,23,26,1,31.1,False,0,{'id': '28'},[{'athlete': {'id': '4593049'}}],2025-03-13T00:09:44Z,True,"{'x': 22, 'y': 8}",31.1
401705513171,171,"{'id': '156', 'text': 'Offensive Rebound'}",Garrett Temple offensive rebound,23,26,1,28.1,False,0,{'id': '28'},[{'athlete': {'id': '4023'}}],2025-03-13T00:09:47Z,False,"{'x': 22, 'y': 8}",28.1
401705513172,172,"{'id': '92', 'text': 'Jump Shot'}",A.J. Lawson makes 26-foot three point jumper (Garrett Temple assists),23,29,1,26.1,True,3,{'id': '28'},"[{'athlete': {'id': '4067017'}}, {'athlete': {'id': '4023'}}]",2025-03-13T00:09:49Z,True,"{'x': 11, 'y': 22}",26.1
401705513174,174,"{'id': '132', 'text': 'Step Back Jump Shot'}",Jeff Dowtin Jr. misses 15-foot step back jumpshot,23,29,1,3.0,False,0,{'id': '20'},[{'athlete': {'id': '4066786'}}],2025-03-13T00:10:15Z,True,"{'x': 13, 'y': 10}",3.0
401705513175,175,"{'id': '155', 'text': 'Defensive Rebound'}",Orlando Robinson defensive rebound,23,29,1,0.0,False,0,{'id': '28'},[{'athlete': {'id': '4593049'}}],2025-03-13T00:10:18Z,False,"{'x': 13, 'y': 10}",0.0
401705513176,176,"{'id': '412', 'text': 'End Period'}",End of the 1st Quarter,23,29,1,0.0,False,0,,,2025-03-13T00:10:20Z,False,"{'x': -214748340, 'y': -214748365}",0.0
401705513177,177,"{'id': '584', 'text': 'Substitution'}",Jakob Poeltl enters the game for Orlando Robinson,23,29,2,12:00,False,0,{'id': '28'},"[{'athlete': {'id': '3134908'}}, {'athlete': {'id': '4593049'}}]",2025-03-13T00:10:25Z,False,"{'x': -214748340, 'y': -214748365}",720.0
401705513178,178,"{'id': '584', 'text': 'Substitution'}",Colin Castleton enters the game for Jamal Shead,23,29,2,12:00,False,0,{'id': '28'},"[{'athlete': {'id': '4397204'}}, {'athlete': {'id': '4432241'}}]",2025-03-13T00:10:25Z,False,"{'x': -214748340, 'y': -214748365}",720.0
401705513179,179,"{'id': '584', 'text': 'Substitution'}",Jared Rhoden enters the game for Jamison Battle,23,29,2,12:00,False,0,{'id': '28'},"[{'athlete': {'id': '4397119'}}, {'athlete': {'id': '4431893'}}]",2025-03-13T00:10:25Z,False,"{'x': -214748340, 'y': -214748365}",720.0
401705513180,180,"{'id': '584', 'text': 'Substitution'}",Jared Butler enters the game for Jeff Dowtin Jr.,23,29,2,12:00,False,0,{'id': '20'},"[{'athlete': {'id': '4395695'}}, {'athlete': {'id': '4066786'}}]",2025-03-13T00:10:25Z,False,"{'x': -214748340, 'y': -214748365}",720.0
401705513186,186,"{'id': '118', 'text': 'Alley Oop Dunk Shot'}",Adem Bona makes alley oop dunk shot (Jared Butler assists),25,29,2,11:44,True,2,{'id': '20'},"[{'athlete': {'id': '5105637'}}, {'athlete': {'id': '4395695'}}]",2025-03-13T00:13:25Z,True,"{'x': 25, 'y': 0}",704.0
401705513188,188,"{'id': '45', 'text': 'Personal Foul'}",Justin Edwards personal foul,25,29,2,11:31,False,0,{'id': '20'},[{'athlete': {'id': '4711297'}}],2025-03-13T00:13:41Z,False,"{'x': 38, 'y': 5}",691.0
401705513190,190,"{'id': '110', 'text': 'Driving Layup Shot'}",Adem Bona blocks Garrett Temple 's 8-foot driving layup,25,29,2,11:22,False,0,{'id': '28'},"[{'athlete': {'id': '4023'}}, {'athlete': {'id': '5105637'}}]",2025-03-13T00:14:09Z,True,"{'x': 21, 'y': 7}",682.0
401705513192,192,"{'id': '155', 'text': 'Defensive Rebound'}",Jared Butler defensive rebound,25,29,2,11:19,False,0,{'id': '20'},[{'athlete': {'id': '4395695'}}],2025-03-13T00:14:12Z,False,"{'x': 21, 'y': 7}",679.0
401705513193,193,"{'id': '116', 'text': 'Running Dunk Shot'}",Ricky Council IV makes dunk (Jared Butler assists),27,29,2,11:17,True,2,{'id': '20'},"[{'athlete': {'id': '4701234'}}, {'athlete': {'id': '4395695'}}]",2025-03-13T00:14:13Z,True,"{'x': 25, 'y': 1}",677.0
401705513195,195,"{'id': '62', 'text': 'Bad Pass\nTurnover'}",Jared Rhoden bad pass (Jared Butler steals),27,29,2,10:58,False,0,{'id': '28'},"[{'athlete': {'id': '4397119'}}, {'athlete': {'id': '4395695'}}]",2025-03-13T00:14:33Z,False,"{'x': 7, 'y': 7}",658.0
401705513198,198,"{'id': '62', 'text': 'Bad Pass\nTurnover'}",Jared Butler bad pass (Jared Rhoden steals),27,29,2,10:47,False,0,{'id': '20'},"[{'athlete': {'id': '4395695'}}, {'athlete': {'id': '4397119'}}]",2025-03-13T00:14:43Z,False,"{'x': 24, 'y': 2}",647.0
401705513200,200,"{'id': '113', 'text': 'Running Jump Shot'}",Jared Rhoden misses 26-foot three point shot,27,29,2,10:44,False,0,{'id': '28'},[{'athlete': {'id': '4397119'}}],2025-03-13T00:14:47Z,True,"{'x': 38, 'y': 23}",644.0
401705513201,201,"{'id': '155', 'text': 'Defensive Rebound'}",Alex Reese defensive rebound,27,29,2,10:42,False,0,{'id': '20'},[{'athlete': {'id': '4277812'}}],2025-03-13T00:14:49Z,False,"{'x': 38, 'y': 23}",642.0
401705513202,202,"{'id': '62', 'text': 'Bad Pass\nTurnover'}",Alex Reese bad pass (Jared Rhoden steals),27,29,2,10:40,False,0,{'id': '20'},"[{'athlete': {'id': '4277812'}}, {'athlete': {'id': '4397119'}}]",2025-03-13T00:14:51Z,False,"{'x': 36, 'y': 39}",640.0
401705513204,204,"{'id': '45', 'text': 'Personal Foul'}",Alex Reese personal foul,27,29,2,10:36,False,0,{'id': '20'},[{'athlete': {'id': '4277812'}}],2025-03-13T00:14:58Z,False,"{'x': 14, 'y': 3}",636.0
401705513206,206,"{'id': '584', 'text': 'Substitution'}",Andre Drummond enters the game for Adem Bona,27,29,2,10:36,False,0,{'id': '20'},"[{'athlete': {'id': '6585'}}, {'athlete': {'id': '5105637'}}]",2025-03-13T00:15:22Z,False,"{'x': -214748340, 'y': -214748365}",636.0
401705513207,207,"{'id': '584', 'text': 'Substitution'}",Kelly Oubre Jr. enters the game for Alex Reese,27,29,2,10:36,False,0,{'id': '20'},"[{'athlete': {'id': '3133603'}}, {'athlete': {'id': '4277812'}}]",2025-03-13T00:15:22Z,False,"{'x': -214748340, 'y': -214748365}",636.0
401705513210,210,"{'id': '128', 'text': 'Driving Finger Roll Layup'}",Jared Rhoden makes 1-foot two point shot,27,31,2,10:28,True,2,{'id': '28'},[{'athlete': {'id': '4397119'}}],2025-03-13T00:15:50Z,True,"{'x': 26, 'y': 1}",628.0
401705513211,211,"{'id': '144', 'text': 'Driving Floating Jump Shot'}",Colin Castleton blocks Jared Butler 's 14-foot driving floating jump shot,27,31,2,10:18,False,0,{'id': '20'},"[{'athlete': {'id': '4395695'}}, {'athlete': {'id': '4397204'}}]",2025-03-13T00:15:59Z,True,"{'x': 14, 'y': 11}",618.0
401705513213,213,"{'id': '155', 'text': 'Defensive Rebound'}",Jakob Poeltl defensive rebound,27,31,2,10:15,False,0,{'id': '28'},[{'athlete': {'id': '3134908'}}],2025-03-13T00:16:02Z,False,"{'x': 14, 'y': 11}",615.0
401705513214,214,"{'id': '44', 'text': 'Shooting Foul'}",Jared Butler shooting foul,27,31,2,10:11,False,0,{'id': '20'},[{'athlete': {'id': '4395695'}}],2025-03-13T00:16:09Z,False,"{'x': 13, 'y': 0}",611.0
401705513216,216,"{'id': '98', 'text': 'Free Throw - 1 of 2'}",A.J. Lawson misses free throw 1 of 2,27,31,2,10:11,False,0,{'id': '28'},[{'athlete': {'id': '4067017'}}],2025-03-13T00:16:40Z,True,"{'x': -214748340, 'y': -214748365}",611.0
401705513217,217,"{'id': '156', 'text': 'Offensive Rebound'}",Raptors offensive team rebound,27,31,2,10:11,False,0,{'id': '28'},,2025-03-13T00:16:40Z,False,"{'x': -214748340, 'y': -214748365}",611.0
401705513218,218,"{'id': '99', 'text': 'Free Throw - 2 of 2'}",A.J. Lawson makes free throw 2 of 2,27,32,2,10:11,True,1,{'id': '28'},[{'athlete': {'id': '4067017'}}],2025-03-13T00:16:57Z,True,"{'x': -214748340, 'y': -214748365}",611.0
401705513219,219,"{'id': '44', 'text': 'Shooting Foul'}",A.J. Lawson shooting foul,27,32,2,9:59,False,0,{'id': '28'},[{'athlete': {'id': '4067017'}}],2025-03-13T00:17:13Z,False,"{'x': 23, 'y': -1}",599.0
401705513221,221,"{'id': '98', 'text': 'Free Throw - 1 of 2'}",Kelly Oubre Jr. makes free throw 1 of 2,28,32,2,9:59,True,1,{'id': '20'},[{'athlete': {'id': '3133603'}}],2025-03-13T00:17:56Z,True,"{'x': -214748340, 'y': -214748365}",599.0
401705513222,222,"{'id': '99', 'text': 'Free Throw - 2 of 2'}",Kelly Oubre Jr. makes free throw 2 of 2,29,32,2,9:59,True,1,{'id': '20'},[{'athlete': {'id': '3133603'}}],2025-03-13T00:18:15Z,True,"{'x': -214748340, 'y': -214748365}",599.0
401705513223,223,"{'id': '45', 'text': 'Personal Foul'}",Justin Edwards personal foul,29,32,2,9:55,False,0,{'id': '20'},[{'athlete': {'id': '4711297'}}],2025-03-13T00:18:23Z,False,"{'x': 17, 'y': 32}",595.0
401705513225,225,"{'id': '62', 'text': 'Bad Pass\nTurnover'}",Jakob Poeltl bad pass (Ricky Council IV steals),29,32,2,9:45,False,0,{'id': '28'},"[{'athlete': {'id': '3134908'}}, {'athlete': {'id': '4701234'}}]",2025-03-13T00:18:45Z,False,"{'x': 14, 'y': 1}",585.0
401705513227,227,"{'id': '129', 'text': 'Running Finger Roll Layup'}",Ricky Council IV misses two point shot,29,32,2,9:39,False,0,{'id': '20'},[{'athlete': {'id': '4701234'}}],2025-03-13T00:18:51Z,True,"{'x': 25, 'y': 5}",579.0
401705513228,228,"{'id': '156', 'text': 'Offensive Rebound'}",Ricky Council IV offensive rebound,29,32,2,9:37,False,0,{'id': '20'},[{'athlete': {'id': '4701234'}}],2025-03-13T00:18:53Z,False,"{'x': 25, 'y': 5}",577.0
401705513229,229,"{'id': '92', 'text': 'Jump Shot'}",Justin Edwards misses 25-foot three point jumper,29,32,2,9:35,False,0,{'id': '20'},[{'athlete': {'id': '4711297'}}],2025-03-13T00:18:55Z,True,"{'x': 41, 'y': 20}",575.0
401705513230,230,"{'id': '155', 'text': 'Defensive Rebound'}",Raptors defensive team rebound,29,32,2,9:34,False,0,{'id': '28'},,2025-03-13T00:18:56Z,False,"{'x': 41, 'y': 20}",574.0
401705513232,232,"{'id': '92', 'text': 'Jump Shot'}",Garrett Temple makes 22-foot three point jumper (Colin Castleton assists),29,35,2,9:19,True,3,{'id': '28'},"[{'athlete': {'id': '4023'}}, {'athlete': {'id': '4397204'}}]",2025-03-13T00:19:18Z,True,"{'x': 47, 'y': 1}",559.0
401705513234,234,"{'id': '92', 'text': 'Jump Shot'}",Ricky Council IV misses 25-foot three point jumper,29,35,2,9:01,False,0,{'id': '20'},[{'athlete': {'id': '4701234'}}],2025-03-13T00:19:35Z,True,"{'x': 2, 'y': 10}",541.0
401705513235,235,"{'id': '155', 'text': 'Defensive Rebound'}",Jakob Poeltl defensive rebound,29,35,2,8:58,False,0,{'id': '28'},[{'athlete': {'id': '3134908'}}],2025-03-13T00:19:38Z,False,"{'x': 2, 'y': 10}",538.0
401705513236,236,"{'id': '119', 'text': 'Driving Hook Shot'}",Andre Drummond blocks Colin Castleton 's 5-foot two point shot,29,35,2,8:54,False,0,{'id': '28'},"[{'athlete': {'id': '4397204'}}, {'athlete': {'id': '6585'}}]",2025-03-13T00:19:44Z,True,"{'x': 23, 'y': 6}",534.0
401705513238,238,"{'id': '156', 'text': 'Offensive Rebound'}",Raptors offensive team rebound,29,35,2,8:53,False,0,{'id': '28'},,2025-03-13T00:19:45Z,False,"{'x': 23, 'y': 6}",533.0
401705513240,240,"{'id': '584', 'text': 'Substitution'}",Quentin Grimes enters the game for Ricky Council IV,29,35,2,8:53,False,0,{'id': '20'},"[{'athlete': {'id': '4397014'}}, {'athlete': {'id': '4701234'}}]",2025-03-13T00:19:50Z,False,"{'x': -214748340, 'y': -214748365}",533.0
401705513242,242,"{'id': '142', 'text': 'Cutting Finger Roll Layup Shot'}",Jakob Poeltl makes layup (Jared Rhoden assists),29,37,2,8:46,True,2,{'id': '28'},"[{'athlete': {'id': '3134908'}}, {'athlete': {'id': '4397119'}}]",2025-03-13T00:20:14Z,True,"{'x': 25, 'y': 0}",526.0
401705513244,244,"{'id': '44', 'text': 'Shooting Foul'}",Kelly Oubre Jr. shooting foul,29,37,2,8:46,False,0,{'id': '20'},[{'athlete': {'id': '3133603'}}],2025-03-13T00:20:20Z,False,"{'x': 25, 'y': 0}",526.0
401705513246,246,"{'id': '97', 'text': 'Free Throw - 1 of 1'}",Jakob Poeltl makes free throw 1 of 1,29,38,2,8:46,True,1,{'id': '28'},[{'athlete': {'id': '3134908'}}],2025-03-13T00:20:40Z,True,"{'x': -214748340, 'y': -214748365}",526.0
401705513247,247,"{'id': '126', 'text': 'Layup Driving Reverse'}",Jakob Poeltl blocks Andre Drummond 's 4-foot two point shot,29,38,2,8:30,False,0,{'id': '20'},"[{'athlete': {'id': '6585'}}, {'athlete': {'id': '3134908'}}]",2025-03-13T00:20:58Z,True,"{'x': 29, 'y': 3}",510.0
401705513249,249,"{'id': '156', 'text': 'Offensive Rebound'}",76ers offensive team rebound,29,38,2,8:30,False,0,{'id': '20'},,2025-03-13T00:20:58Z,False,"{'x': 29, 'y': 3}",510.0
401705513251,251,"{'id': '64', 'text': 'Traveling'}",Jared Butler traveling,29,38,2,8:25,False,0,{'id': '20'},[{'athlete': {'id': '4395695'}}],2025-03-13T00:21:19Z,False,"{'x': 22, 'y': 5}",505.0
401705513252,252,"{'id': '92', 'text': 'Jump Shot'}",A.J. Lawson makes 25-foot three point jumper (Jakob Poeltl assists),29,41,2,8:16,True,3,{'id': '28'},"[{'athlete': {'id': '4067017'}}, {'athlete': {'id': '3134908'}}]",2025-03-13T00:21:42Z,True,"{'x': 5, 'y': 16}",496.0
401705513254,254,"{'id': '131', 'text': 'Pullup Jump Shot'}",Kelly Oubre Jr. makes 6-foot pullup jump shot,31,41,2,8:03,True,2,{'id': '20'},[{'athlete': {'id': '3133603'}}],2025-03-13T00:21:55Z,True,"{'x': 29, 'y': 5}",483.0
401705513255,255,"{'id': '115', 'text': 'Driving Dunk Shot'}",Andre Drummond blocks A.J. Lawson 's 1-foot driving dunk,31,41,2,7:51,False,0,{'id': '28'},"[{'athlete': {'id': '4067017'}}, {'athlete': {'id': '6585'}}]",2025-03-13T00:22:07Z,True,"{'x': 27, 'y': 1}",471.0
401705513257,257,"{'id': '155', 'text': 'Defensive Rebound'}",Justin Edwards defensive rebound,31,41,2,7:47,False,0,{'id': '20'},[{'athlete': {'id': '4711297'}}],2025-03-13T00:22:11Z,False,"{'x': 27, 'y': 1}",467.0
401705513258,258,"{'id': '63', 'text': 'Lost Ball Turnover'}",Quentin Grimes lost ball turnover (Garrett Temple steals),31,41,2,7:45,False,0,{'id': '20'},"[{'athlete': {'id': '4397014'}}, {'athlete': {'id': '4023'}}]",2025-03-13T00:22:13Z,False,"{'x': 21, 'y': 7}",465.0
401705513260,260,"{'id': '116', 'text': 'Running Dunk Shot'}",A.J. Lawson makes 1-foot dunk (Garrett Temple assists),31,43,2,7:41,True,2,{'id': '28'},"[{'athlete': {'id': '4067017'}}, {'athlete': {'id': '4023'}}]",2025-03-13T00:22:17Z,True,"{'x': 26, 'y': 1}",461.0
401705513262,262,"{'id': '16', 'text': 'Full Timeout'}",76ers Full timeout,31,43,2,7:41,False,0,{'id': '20'},,2025-03-13T00:22:22Z,False,"{'x': -214748340, 'y': -214748365}",461.0
401705513263,263,"{'id': '584', 'text': 'Substitution'}",Jamison Battle enters the game for Jared Rhoden,31,43,2,7:41,False,0,{'id': '28'},"[{'athlete': {'id': '4431893'}}, {'athlete': {'id': '4397119'}}]",2025-03-13T00:22:24Z,False,"{'x': -214748340, 'y': -214748365}",461.0
401705513264,264,"{'id': '584', 'text': 'Substitution'}",Orlando Robinson enters the game for Garrett Temple,31,43,2,7:41,False,0,{'id': '28'},"[{'athlete': {'id': '4593049'}}, {'athlete': {'id': '4023'}}]",2025-03-13T00:22:24Z,False,"{'x': -214748340, 'y': -214748365}",461.0
401705513265,265,"{'id': '584', 'text': 'Substitution'}",Jamal Shead enters the game for Jakob Poeltl,31,43,2,7:41,False,0,{'id': '28'},"[{'athlete': {'id': '4432241'}}, {'athlete': {'id': '3134908'}}]",2025-03-13T00:22:24Z,False,"{'x': -214748340, 'y': -214748365}",461.0
401705513269,269,"{'id': '8', 'text': 'Delay of Game'}",76ers delay of game violation,31,43,2,7:41,False,0,{'id': '20'},,2025-03-13T00:25:17Z,False,"{'x': -214748340, 'y': -214748365}",461.0
401705513270,270,"{'id': '44', 'text': 'Shooting Foul'}",A.J. Lawson shooting foul,31,43,2,7:30,False,0,{'id': '28'},[{'athlete': {'id': '4067017'}}],2025-03-13T00:25:43Z,False,"{'x': 27, 'y': 1}",450.0
401705513272,272,"{'id': '98', 'text': 'Free Throw - 1 of 2'}",Quentin Grimes makes free throw 1 of 2,32,43,2,7:30,True,1,{'id': '20'},[{'athlete': {'id': '4397014'}}],2025-03-13T00:26:07Z,True,"{'x': -214748340, 'y': -214748365}",450.0
401705513273,273,"{'id': '584', 'text': 'Substitution'}",Jared Rhoden enters the game for A.J. Lawson,32,43,2,7:30,False,0,{'id': '28'},"[{'athlete': {'id': '4397119'}}, {'athlete': {'id': '4067017'}}]",2025-03-13T00:26:10Z,False,"{'x': -214748340, 'y': -214748365}",450.0
401705513275,275,"{'id': '99', 'text': 'Free Throw - 2 of 2'}",Quentin Grimes makes free throw 2 of 2,33,43,2,7:30,True,1,{'id': '20'},[{'athlete': {'id': '4397014'}}],2025-03-13T00:26:30Z,True,"{'x': -214748340, 'y': -214748365}",450.0
401705513276,276,"{'id': '92', 'text': 'Jump Shot'}",Jamal Shead misses 27-foot three point jumper,33,43,2,7:20,False,0,{'id': '28'},[{'athlete': {'id': '4432241'}}],2025-03-13T00:26:41Z,True,"{'x': 38, 'y': 24}",440.0
401705513277,277,"{'id': '156', 'text': 'Offensive Rebound'}",Jared Rhoden offensive rebound,33,43,2,7:17,False,0,{'id': '28'},[{'athlete': {'id': '4397119'}}],2025-03-13T00:26:44Z,False,"{'x': 38, 'y': 24}",437.0
401705513278,278,"{'id': '92', 'text': 'Jump Shot'}",Jared Rhoden makes 23-foot three point jumper (Orlando Robinson assists),33,46,2,7:11,True,3,{'id': '28'},"[{'athlete': {'id': '4397119'}}, {'athlete': {'id': '4593049'}}]",2025-03-13T00:26:51Z,True,"{'x': 2, 'y': -1}",431.0
401705513281,281,"{'id': '144', 'text': 'Driving Floating Jump Shot'}",Kelly Oubre Jr. misses driving floating jump shot,33,46,2,6:53,False,0,{'id': '20'},[{'athlete': {'id': '3133603'}}],2025-03-13T00:27:15Z,True,"{'x': 25, 'y': 6}",413.0
401705513282,282,"{'id': '155', 'text': 'Defensive Rebound'}",Colin Castleton defensive rebound,33,46,2,6:51,False,0,{'id': '28'},[{'athlete': {'id': '4397204'}}],2025-03-13T00:27:17Z,False,"{'x': 25, 'y': 6}",411.0
401705513283,283,"{'id': '132', 'text': 'Step Back Jump Shot'}",Jamison Battle misses 24-foot three point step back jumpshot,33,46,2,6:45,False,0,{'id': '28'},[{'athlete': {'id': '4431893'}}],2025-03-13T00:27:23Z,True,"{'x': 2, 'y': 8}",405.0
401705513284,284,"{'id': '155', 'text': 'Defensive Rebound'}",Quentin Grimes defensive rebound,33,46,2,6:40,False,0,{'id': '20'},[{'athlete': {'id': '4397014'}}],2025-03-13T00:27:28Z,False,"{'x': 2, 'y': 8}",400.0
401705513285,285,"{'id': '142', 'text': 'Cutting Finger Roll Layup Shot'}",Andre Drummond makes layup,35,46,2,6:32,True,2,{'id': '20'},[{'athlete': {'id': '6585'}}],2025-03-13T00:27:37Z,True,"{'x': 25, 'y': 0}",392.0
401705513286,286,"{'id': '151', 'text': 'Cutting Dunk Shot'}",Jared Rhoden makes dunk (Orlando Robinson assists),35,48,2,6:10,True,2,{'id': '28'},"[{'athlete': {'id': '4397119'}}, {'athlete': {'id': '4593049'}}]",2025-03-13T00:27:58Z,True,"{'x': 25, 'y': 1}",370.0
401705513288,288,"{'id': '92', 'text': 'Jump Shot'}",Jared Butler misses 24-foot three point jumper,35,48,2,6:02,False,0,{'id': '20'},[{'athlete': {'id': '4395695'}}],2025-03-13T00:28:06Z,True,"{'x': 48, 'y': 8}",362.0
401705513289,289,"{'id': '155', 'text': 'Defensive Rebound'}",Colin Castleton defensive rebound,35,48,2,6:00,False,0,{'id': '28'},[{'athlete': {'id': '4397204'}}],2025-03-13T00:28:08Z,False,"{'x': 48, 'y': 8}",360.0
401705513290,290,"{'id': '92', 'text': 'Jump Shot'}",Jamal Shead makes 23-foot three point jumper (Jared Rhoden assists),35,51,2,5:51,True,3,{'id': '28'},"[{'athlete': {'id': '4432241'}}, {'athlete': {'id': '4397119'}}]",2025-03-13T00:28:17Z,True,"{'x': 1, 'y': 0}",351.0
401705513292,292,"{'id': '92', 'text': 'Jump Shot'}",Justin Edwards misses 25-foot three point jumper,35,51,2,5:31,False,0,{'id': '20'},[{'athlete': {'id': '4711297'}}],2025-03-13T00:28:38Z,True,"{'x': 7, 'y': 18}",331.0
401705513293,293,"{'id': '155', 'text': 'Defensive Rebound'}",Colin Castleton defensive rebound,35,51,2,5:27,False,0,{'id': '28'},[{'athlete': {'id': '4397204'}}],2025-03-13T00:28:42Z,False,"{'x': 7, 'y': 18}",327.0
401705513294,294,"{'id': '92', 'text': 'Jump Shot'}",Orlando Robinson makes 26-foot three point jumper (Jamal Shead assists),35,54,2,5:20,True,3,{'id': '28'},"[{'athlete': {'id': '4593049'}}, {'athlete': {'id': '4432241'}}]",2025-03-13T00:28:48Z,True,"{'x': 14, 'y': 24}",320.0
401705513296,296,"{'id': '137', 'text': 'Turnaround Fade Away Jump Shot'}",Quentin Grimes misses 10-foot two point shot,35,54,2,5:04,False,0,{'id': '20'},[{'athlete': {'id': '4397014'}}],2025-03-13T00:29:04Z,True,"{'x': 23, 'y': 10}",304.0
401705513297,297,"{'id': '155', 'text': 'Defensive Rebound'}",Orlando Robinson defensive rebound,35,54,2,5:01,False,0,{'id': '28'},[{'athlete': {'id': '4593049'}}],2025-03-13T00:29:07Z,False,"{'x': 23, 'y': 10}",301.0
401705513298,298,"{'id': '132', 'text': 'Step Back Jump Shot'}",Jared Rhoden makes 23-foot three point step back jumpshot,35,57,2,4:50,True,3,{'id': '28'},[{'athlete': {'id': '4397119'}}],2025-03-13T00:29:18Z,True,"{'x': 48, 'y': 7}",290.0
401705513300,300,"{'id': '16', 'text': 'Full Timeout'}",76ers Full timeout,35,57,2,4:48,False,0,{'id': '20'},,2025-03-13T00:29:24Z,False,"{'x': -214748340, 'y': -214748365}",288.0
401705513301,301,"{'id': '584', 'text': 'Substitution'}",Garrett Temple enters the game for Jamal Shead,35,57,2,4:48,False,0,{'id': '28'},"[{'athlete': {'id': '4023'}}, {'athlete': {'id': '4432241'}}]",2025-03-13T00:31:38Z,False,"{'x': -214748340, 'y': -214748365}",288.0
401705513302,302,"{'id': '584', 'text': 'Substitution'}",Alex Reese enters the game for Andre Drummond,35,57,2,4:48,False,0,{'id': '20'},"[{'athlete': {'id': '4277812'}}, {'athlete': {'id': '6585'}}]",2025-03-13T00:31:38Z,False,"{'x': -214748340, 'y': -214748365}",288.0
401705513303,303,"{'id': '584', 'text': 'Substitution'}",Adem Bona enters the game for Kelly Oubre Jr.,35,57,2,4:48,False,0,{'id': '20'},"[{'athlete': {'id': '5105637'}}, {'athlete': {'id': '3133603'}}]",2025-03-13T00:31:38Z,False,"{'x': -214748340, 'y': -214748365}",288.0
401705513304,304,"{'id': '584', 'text': 'Substitution'}",Ricky Council IV enters the game for Justin Edwards,35,57,2,4:48,False,0,{'id': '20'},"[{'athlete': {'id': '4701234'}}, {'athlete': {'id': '4711297'}}]",2025-03-13T00:31:38Z,False,"{'x': -214748340, 'y': -214748365}",288.0
401705513310,310,"{'id': '132', 'text': 'Step Back Jump Shot'}",Quentin Grimes makes 15-foot step back jumpshot,37,57,2,4:25,True,2,{'id': '20'},[{'athlete': {'id': '4397014'}}],2025-03-13T00:32:37Z,True,"{'x': 10, 'y': 1}",265.0
401705513311,311,"{'id': '62', 'text': 'Bad Pass\nTurnover'}",Jamison Battle bad pass (Quentin Grimes steals),37,57,2,4:14,False,0,{'id': '28'},"[{'athlete': {'id': '4431893'}}, {'athlete': {'id': '4397014'}}]",2025-03-13T00:32:47Z,False,"{'x': 28, 'y': 32}",254.0
401705513313,313,"{'id': '129', 'text': 'Running Finger Roll Layup'}",Quentin Grimes makes two point shot,39,57,2,4:11,True,2,{'id': '20'},[{'athlete': {'id': '4397014'}}],2025-03-13T00:32:50Z,True,"{'x': 25, 'y': 0}",251.0
401705513314,314,"{'id': '62', 'text': 'Bad Pass\nTurnover'}",Jamison Battle bad pass (Quentin Grimes steals),39,57,2,3:57,False,0,{'id': '28'},"[{'athlete': {'id': '4431893'}}, {'athlete': {'id': '4397014'}}]",2025-03-13T00:33:04Z,False,"{'x': 37, 'y': 26}",237.0
401705513316,316,"{'id': '109', 'text': 'Running Layup Shot'}",Quentin Grimes makes two point shot,41,57,2,3:54,True,2,{'id': '20'},[{'athlete': {'id': '4397014'}}],2025-03-13T00:33:08Z,True,"{'x': 25, 'y': -1}",234.0
401705513317,317,"{'id': '92', 'text': 'Jump Shot'}",Garrett Temple makes 26-foot three point jumper (Orlando Robinson assists),41,60,2,3:37,True,3,{'id': '28'},"[{'athlete': {'id': '4023'}}, {'athlete': {'id': '4593049'}}]",2025-03-13T00:33:24Z,True,"{'x': 11, 'y': 23}",217.0
401705513318,318,"{'id': '110', 'text': 'Driving Layup Shot'}",Quentin Grimes misses driving layup,41,60,2,3:25,False,0,{'id': '20'},[{'athlete': {'id': '4397014'}}],2025-03-13T00:33:36Z,True,"{'x': 27, 'y': 1}",205.0
401705513319,319,"{'id': '155', 'text': 'Defensive Rebound'}",Jared Rhoden defensive rebound,41,60,2,3:23,False,0,{'id': '28'},[{'athlete': {'id': '4397119'}}],2025-03-13T00:33:38Z,False,"{'x': 27, 'y': 1}",203.0
401705513320,320,"{'id': '45', 'text': 'Personal Foul'}",Quentin Grimes personal foul,41,60,2,3:16,False,0,{'id': '20'},[{'athlete': {'id': '4397014'}}],2025-03-13T00:33:48Z,False,"{'x': 36, 'y': 18}",196.0
401705513322,322,"{'id': '98', 'text': 'Free Throw - 1 of 2'}",Jared Rhoden makes free throw 1 of 2,41,61,2,3:16,True,1,{'id': '28'},[{'athlete': {'id': '4397119'}}],2025-03-13T00:34:16Z,True,"{'x': -214748340, 'y': -214748365}",196.0
401705513323,323,"{'id': '99', 'text': 'Free Throw - 2 of 2'}",Jared Rhoden makes free throw 2 of 2,41,62,2,3:16,True,1,{'id': '28'},[{'athlete': {'id': '4397119'}}],2025-03-13T00:34:33Z,True,"{'x': -214748340, 'y': -214748365}",196.0
401705513324,324,"{'id': '131', 'text': 'Pullup Jump Shot'}",Quentin Grimes misses 25-foot three point pullup jump shot,41,62,2,3:03,False,0,{'id': '20'},[{'athlete': {'id': '4397014'}}],2025-03-13T00:34:47Z,True,"{'x': 35, 'y': 24}",183.0
401705513325,325,"{'id': '156', 'text': 'Offensive Rebound'}",Adem Bona offensive rebound,41,62,2,3:03,False,0,{'id': '20'},[{'athlete': {'id': '5105637'}}],2025-03-13T00:34:47Z,False,"{'x': 35, 'y': 24}",183.0
401705513326,326,"{'id': '125', 'text': 'Layup Shot Putback'}",Adem Bona makes two point shot,43,62,2,2:57,True,2,{'id': '20'},[{'athlete': {'id': '5105637'}}],2025-03-13T00:34:52Z,True,"{'x': 25, 'y': 0}",177.0
401705513327,327,"{'id': '130', 'text': 'Floating Jump Shot'}",Orlando Robinson misses 8-foot two point shot,43,62,2,2:43,False,0,{'id': '28'},[{'athlete': {'id': '4593049'}}],2025-03-13T00:35:06Z,True,"{'x': 23, 'y': 8}",163.0
401705513328,328,"{'id': '155', 'text': 'Defensive Rebound'}",Adem Bona defensive rebound,43,62,2,2:41,False,0,{'id': '20'},[{'athlete': {'id': '5105637'}}],2025-03-13T00:35:08Z,False,"{'x': 23, 'y': 8}",161.0
401705513330,330,"{'id': '131', 'text': 'Pullup Jump Shot'}",Jared Butler makes 26-foot three pointer (Adem Bona assists),46,62,2,2:29,True,3,{'id': '20'},"[{'athlete': {'id': '4395695'}}, {'athlete': {'id': '5105637'}}]",2025-03-13T00:35:20Z,True,"{'x': 4, 'y': 16}",149.0
401705513333,333,"{'id': '584', 'text': 'Substitution'}",A.J. Lawson enters the game for Jared Rhoden,46,62,2,2:17,False,0,{'id': '28'},"[{'athlete': {'id': '4067017'}}, {'athlete': {'id': '4397119'}}]",2025-03-13T00:35:36Z,False,"{'x': -214748340, 'y': -214748365}",137.0
401705513334,334,"{'id': '584', 'text': 'Substitution'}",Jakob Poeltl enters the game for Colin Castleton,46,62,2,2:17,False,0,{'id': '28'},"[{'athlete': {'id': '3134908'}}, {'athlete': {'id': '4397204'}}]",2025-03-13T00:35:36Z,False,"{'x': -214748340, 'y': -214748365}",137.0
401705513335,335,"{'id': '584', 'text': 'Substitution'}",Jeff Dowtin Jr. enters the game for Quentin Grimes,46,62,2,2:17,False,0,{'id': '20'},"[{'athlete': {'id': '4066786'}}, {'athlete': {'id': '4397014'}}]",2025-03-13T00:35:36Z,False,"{'x': -214748340, 'y': -214748365}",137.0
401705513339,339,"{'id': '92', 'text': 'Jump Shot'}",Jamison Battle makes 26-foot three point jumper (Garrett Temple assists),46,65,2,2:15,True,3,{'id': '28'},"[{'athlete': {'id': '4431893'}}, {'athlete': {'id': '4023'}}]",2025-03-13T00:36:07Z,True,"{'x': 7, 'y': 20}",135.0
401705513341,341,"{'id': '128', 'text': 'Driving Finger Roll Layup'}",Jared Butler makes 7-foot two point shot,48,65,2,2:03,True,2,{'id': '20'},[{'athlete': {'id': '4395695'}}],2025-03-13T00:36:18Z,True,"{'x': 30, 'y': 6}",123.0
401705513342,342,"{'id': '121', 'text': 'Fade Away Jump Shot'}",Garrett Temple misses 11-foot two point shot,48,65,2,1:39,False,0,{'id': '28'},[{'athlete': {'id': '4023'}}],2025-03-13T00:36:42Z,True,"{'x': 23, 'y': 12}",99.0
401705513343,343,"{'id': '155', 'text': 'Defensive Rebound'}",Ricky Council IV defensive rebound,48,65,2,1:35,False,0,{'id': '20'},[{'athlete': {'id': '4701234'}}],2025-03-13T00:36:46Z,False,"{'x': 23, 'y': 12}",95.0
401705513344,344,"{'id': '44', 'text': 'Shooting Foul'}",Garrett Temple shooting foul,48,65,2,1:33,False,0,{'id': '28'},[{'athlete': {'id': '4023'}}],2025-03-13T00:36:50Z,False,"{'x': 24, 'y': 0}",93.0
401705513346,346,"{'id': '98', 'text': 'Free Throw - 1 of 2'}",Ricky Council IV makes free throw 1 of 2,49,65,2,1:33,True,1,{'id': '20'},[{'athlete': {'id': '4701234'}}],2025-03-13T00:37:20Z,True,"{'x': -214748340, 'y': -214748365}",93.0
401705513347,347,"{'id': '99', 'text': 'Free Throw - 2 of 2'}",Ricky Council IV makes free throw 2 of 2,50,65,2,1:33,True,1,{'id': '20'},[{'athlete': {'id': '4701234'}}],2025-03-13T00:37:34Z,True,"{'x': -214748340, 'y': -214748365}",93.0
401705513348,348,"{'id': '110', 'text': 'Driving Layup Shot'}",A.J. Lawson makes driving layup (Garrett Temple assists),50,67,2,1:24,True,2,{'id': '28'},"[{'athlete': {'id': '4067017'}}, {'athlete': {'id': '4023'}}]",2025-03-13T00:37:49Z,True,"{'x': 33, 'y': 5}",84.0
401705513350,350,"{'id': '9', 'text': 'Defensive Goaltending'}",Alex Reese defensive goaltending violation,50,67,2,1:24,False,0,{'id': '20'},[{'athlete': {'id': '4277812'}}],2025-03-13T00:37:55Z,False,"{'x': -214748340, 'y': -214748365}",84.0
401705513351,351,"{'id': '44', 'text': 'Shooting Foul'}",Jared Butler shooting foul,50,67,2,1:24,False,0,{'id': '20'},[{'athlete': {'id': '4395695'}}],2025-03-13T00:38:02Z,False,"{'x': 26, 'y': 3}",84.0
401705513353,353,"{'id': '97', 'text': 'Free Throw - 1 of 1'}",A.J. Lawson misses free throw 1 of 1,50,67,2,1:24,False,0,{'id': '28'},[{'athlete': {'id': '4067017'}}],2025-03-13T00:38:17Z,True,"{'x': -214748340, 'y': -214748365}",84.0
401705513354,354,"{'id': '155', 'text': 'Defensive Rebound'}",Alex Reese defensive rebound,50,67,2,1:21,False,0,{'id': '20'},[{'athlete': {'id': '4277812'}}],2025-03-13T00:38:20Z,False,"{'x': -214748340, 'y': -214748365}",81.0
401705513355,355,"{'id': '132', 'text': 'Step Back Jump Shot'}",Jeff Dowtin Jr. makes 24-foot three point step back jumpshot,53,67,2,1:01,True,3,{'id': '20'},[{'athlete': {'id': '4066786'}}],2025-03-13T00:38:38Z,True,"{'x': 4, 'y': 12}",61.0
401705513356,356,"{'id': '120', 'text': 'Turnaround Hook Shot'}",Alex Reese blocks Jakob Poeltl 's 4-foot two point shot,53,67,2,53.1,False,0,{'id': '28'},"[{'athlete': {'id': '3134908'}}, {'athlete': {'id': '4277812'}}]",2025-03-13T00:38:47Z,True,"{'x': 24, 'y': 5}",53.1
401705513357,357,"{'id': '155', 'text': 'Defensive Rebound'}",Alex Reese defensive rebound,53,67,2,51.0,False,0,{'id': '20'},[{'athlete': {'id': '4277812'}}],2025-03-13T00:38:50Z,False,"{'x': 24, 'y': 5}",51.0
401705513358,358,"{'id': '146', 'text': 'Running Pullup Jump Shot'}",Jeff Dowtin Jr. misses running pullup jump shot,53,67,2,48.1,False,0,{'id': '20'},[{'athlete': {'id': '4066786'}}],2025-03-13T00:38:52Z,True,"{'x': 11, 'y': 22}",48.1
401705513359,359,"{'id': '155', 'text': 'Defensive Rebound'}",Jamison Battle defensive rebound,53,67,2,45.0,False,0,{'id': '28'},[{'athlete': {'id': '4431893'}}],2025-03-13T00:38:56Z,False,"{'x': 11, 'y': 22}",45.0
401705513360,360,"{'id': '120', 'text': 'Turnaround Hook Shot'}",Orlando Robinson makes 8-foot two point shot (Garrett Temple assists),53,69,2,36.1,True,2,{'id': '28'},"[{'athlete': {'id': '4593049'}}, {'athlete': {'id': '4023'}}]",2025-03-13T00:39:06Z,True,"{'x': 25, 'y': 9}",36.1
401705513362,362,"{'id': '142', 'text': 'Cutting Finger Roll Layup Shot'}",Adem Bona makes layup (Jared Butler assists),55,69,2,29.1,True,2,{'id': '20'},"[{'athlete': {'id': '5105637'}}, {'athlete': {'id': '4395695'}}]",2025-03-13T00:39:20Z,True,"{'x': 26, 'y': 6}",29.1
401705513364,364,"{'id': '63', 'text': 'Lost Ball Turnover'}",Garrett Temple lost ball turnover (Jeff Dowtin Jr. steals),55,69,2,9.0,False,0,{'id': '28'},"[{'athlete': {'id': '4023'}}, {'athlete': {'id': '4066786'}}]",2025-03-13T00:39:43Z,False,"{'x': 24, 'y': 14}",9.0
401705513366,366,"{'id': '128', 'text': 'Driving Finger Roll Layup'}",Jakob Poeltl blocks Jeff Dowtin Jr. 's 1-foot two point shot,55,69,2,2.2,False,0,{'id': '20'},"[{'athlete': {'id': '4066786'}}, {'athlete': {'id': '3134908'}}]",2025-03-13T00:39:49Z,True,"{'x': 26, 'y': 1}",2.2
401705513368,368,"{'id': '155', 'text': 'Defensive Rebound'}",Jakob Poeltl defensive rebound,55,69,2,2.2,False,0,{'id': '28'},[{'athlete': {'id': '3134908'}}],2025-03-13T00:39:49Z,False,"{'x': 26, 'y': 1}",2.2
401705513369,369,"{'id': '92', 'text': 'Jump Shot'}",A.J. Lawson misses 34-foot three point jumper,55,69,2,0.0,False,0,{'id': '28'},[{'athlete': {'id': '4067017'}}],2025-03-13T00:39:55Z,True,"{'x': 28, 'y': 35}",0.0
401705513370,370,"{'id': '156', 'text': 'Offensive Rebound'}",Raptors offensive team rebound,55,69,2,0.0,False,0,{'id': '28'},,2025-03-13T00:39:55Z,False,"{'x': 28, 'y': 35}",0.0
401705513371,371,"{'id': '412', 'text': 'End Period'}",End of the 2nd Quarter,55,69,2,0.0,False,0,,,2025-03-13T00:39:58Z,False,"{'x': -214748340, 'y': -214748365}",0.0
401705513373,373,"{'id': '584', 'text': 'Substitution'}",Jared Rhoden enters the game for Garrett Temple,55,69,3,12:00,False,0,{'id': '28'},"[{'athlete': {'id': '4397119'}}, {'athlete': {'id': '4023'}}]",2025-03-13T00:54:11Z,False,"{'x': -214748340, 'y': -214748365}",720.0
401705513374,374,"{'id': '584', 'text': 'Substitution'}",Colin Castleton enters the game for Orlando Robinson,55,69,3,12:00,False,0,{'id': '28'},"[{'athlete': {'id': '4397204'}}, {'athlete': {'id': '4593049'}}]",2025-03-13T00:54:11Z,False,"{'x': -214748340, 'y': -214748365}",720.0
401705513376,376,"{'id': '584', 'text': 'Substitution'}",Andre Drummond enters the game for Ricky Council IV,55,69,3,12:00,False,0,{'id': '20'},"[{'athlete': {'id': '6585'}}, {'athlete': {'id': '4701234'}}]",2025-03-13T00:54:11Z,False,"{'x': -214748340, 'y': -214748365}",720.0
401705513377,377,"{'id': '584', 'text': 'Substitution'}",Quentin Grimes enters the game for Adem Bona,55,69,3,12:00,False,0,{'id': '20'},"[{'athlete': {'id': '4397014'}}, {'athlete': {'id': '5105637'}}]",2025-03-13T00:54:11Z,False,"{'x': -214748340, 'y': -214748365}",720.0
401705513378,378,"{'id': '584', 'text': 'Substitution'}",Kelly Oubre Jr. enters the game for Alex Reese,55,69,3,12:00,False,0,{'id': '20'},"[{'athlete': {'id': '3133603'}}, {'athlete': {'id': '4277812'}}]",2025-03-13T00:54:11Z,False,"{'x': -214748340, 'y': -214748365}",720.0
401705513379,379,"{'id': '584', 'text': 'Substitution'}",Justin Edwards enters the game for Jeff Dowtin Jr.,55,69,3,12:00,False,0,{'id': '20'},"[{'athlete': {'id': '4711297'}}, {'athlete': {'id': '4066786'}}]",2025-03-13T00:54:11Z,False,"{'x': -214748340, 'y': -214748365}",720.0
401705513388,388,"{'id': '92', 'text': 'Jump Shot'}",Justin Edwards misses 23-foot three point jumper,55,69,3,11:40,False,0,{'id': '20'},[{'athlete': {'id': '4711297'}}],2025-03-13T00:55:28Z,True,"{'x': 48, 'y': 3}",700.0
401705513389,389,"{'id': '155', 'text': 'Defensive Rebound'}",Jamison Battle defensive rebound,55,69,3,11:35,False,0,{'id': '28'},[{'athlete': {'id': '4431893'}}],2025-03-13T00:55:33Z,False,"{'x': 48, 'y': 3}",695.0
401705513390,390,"{'id': '110', 'text': 'Driving Layup Shot'}",Quentin Grimes blocks Jared Rhoden 's 7-foot driving layup,55,69,3,11:19,False,0,{'id': '28'},"[{'athlete': {'id': '4397119'}}, {'athlete': {'id': '4397014'}}]",2025-03-13T00:55:48Z,True,"{'x': 29, 'y': 6}",679.0
401705513392,392,"{'id': '155', 'text': 'Defensive Rebound'}",Quentin Grimes defensive rebound,55,69,3,11:16,False,0,{'id': '20'},[{'athlete': {'id': '4397014'}}],2025-03-13T00:55:51Z,False,"{'x': 29, 'y': 6}",676.0
401705513393,393,"{'id': '128', 'text': 'Driving Finger Roll Layup'}",Quentin Grimes makes 1-foot two point shot (Justin Edwards assists),57,69,3,11:14,True,2,{'id': '20'},"[{'athlete': {'id': '4397014'}}, {'athlete': {'id': '4711297'}}]",2025-03-13T00:55:53Z,True,"{'x': 25, 'y': 2}",674.0
401705513395,395,"{'id': '111', 'text': 'Alley Oop Layup Shot'}",A.J. Lawson makes alley oop layup (Jakob Poeltl assists),57,71,3,11:02,True,2,{'id': '28'},"[{'athlete': {'id': '4067017'}}, {'athlete': {'id': '3134908'}}]",2025-03-13T00:56:06Z,True,"{'x': 26, 'y': 1}",662.0
401705513397,397,"{'id': '132', 'text': 'Step Back Jump Shot'}",Quentin Grimes misses 19-foot step back jumpshot,57,71,3,10:53,False,0,{'id': '20'},[{'athlete': {'id': '4397014'}}],2025-03-13T00:56:14Z,True,"{'x': 10, 'y': 13}",653.0
401705513398,398,"{'id': '155', 'text': 'Defensive Rebound'}",Colin Castleton defensive rebound,57,71,3,10:50,False,0,{'id': '28'},[{'athlete': {'id': '4397204'}}],2025-03-13T00:56:17Z,False,"{'x': 10, 'y': 13}",650.0
401705513399,399,"{'id': '92', 'text': 'Jump Shot'}",Jamison Battle misses 28-foot three point jumper,57,71,3,10:40,False,0,{'id': '28'},[{'athlete': {'id': '4431893'}}],2025-03-13T00:56:27Z,True,"{'x': 43, 'y': 22}",640.0
401705513400,400,"{'id': '155', 'text': 'Defensive Rebound'}",Quentin Grimes defensive rebound,57,71,3,10:37,False,0,{'id': '20'},[{'athlete': {'id': '4397014'}}],2025-03-13T00:56:30Z,False,"{'x': 43, 'y': 22}",637.0
401705513401,401,"{'id': '92', 'text': 'Jump Shot'}",Kelly Oubre Jr. misses 24-foot three point jumper,57,71,3,10:26,False,0,{'id': '20'},[{'athlete': {'id': '3133603'}}],2025-03-13T00:56:41Z,True,"{'x': 2, 'y': 7}",626.0
401705513402,402,"{'id': '155', 'text': 'Defensive Rebound'}",Colin Castleton defensive rebound,57,71,3,10:24,False,0,{'id': '28'},[{'athlete': {'id': '4397204'}}],2025-03-13T00:56:43Z,False,"{'x': 2, 'y': 7}",624.0
401705513403,403,"{'id': '92', 'text': 'Jump Shot'}",A.J. Lawson misses 25-foot three point jumper,57,71,3,10:13,False,0,{'id': '28'},[{'athlete': {'id': '4067017'}}],2025-03-13T00:56:54Z,True,"{'x': 14, 'y': 24}",613.0
401705513404,404,"{'id': '155', 'text': 'Defensive Rebound'}",Andre Drummond defensive rebound,57,71,3,10:10,False,0,{'id': '20'},[{'athlete': {'id': '6585'}}],2025-03-13T00:56:57Z,False,"{'x': 14, 'y': 24}",610.0
401705513405,405,"{'id': '110', 'text': 'Driving Layup Shot'}",Kelly Oubre Jr. misses driving layup,57,71,3,10:02,False,0,{'id': '20'},[{'athlete': {'id': '3133603'}}],2025-03-13T00:57:06Z,True,"{'x': 27, 'y': 1}",602.0
401705513407,407,"{'id': '156', 'text': 'Offensive Rebound'}",Kelly Oubre Jr. offensive rebound,57,71,3,9:58,False,0,{'id': '20'},[{'athlete': {'id': '3133603'}}],2025-03-13T00:57:10Z,False,"{'x': 27, 'y': 1}",598.0
401705513408,408,"{'id': '92', 'text': 'Jump Shot'}",Quentin Grimes makes 26-foot three point jumper (Justin Edwards assists),60,71,3,9:57,True,3,{'id': '20'},"[{'athlete': {'id': '4397014'}}, {'athlete': {'id': '4711297'}}]",2025-03-13T00:57:10Z,True,"{'x': 10, 'y': 22}",597.0
401705513410,410,"{'id': '90', 'text': 'Out of Bounds - Bad Pass Turnover'}",Jakob Poeltl out of bounds bad pass turnover,60,71,3,9:30,False,0,{'id': '28'},[{'athlete': {'id': '3134908'}}],2025-03-13T00:57:39Z,False,"{'x': 2, 'y': 30}",570.0
401705513411,411,"{'id': '131', 'text': 'Pullup Jump Shot'}",Jared Butler misses 30-foot three point pullup jump shot,60,71,3,9:19,False,0,{'id': '20'},[{'athlete': {'id': '4395695'}}],2025-03-13T00:58:01Z,True,"{'x': 34, 'y': 29}",559.0
401705513412,412,"{'id': '155', 'text': 'Defensive Rebound'}",Jamison Battle defensive rebound,60,71,3,9:16,False,0,{'id': '28'},[{'athlete': {'id': '4431893'}}],2025-03-13T00:58:04Z,False,"{'x': 34, 'y': 29}",556.0
401705513413,413,"{'id': '45', 'text': 'Personal Foul'}",Justin Edwards personal foul,60,71,3,9:06,False,0,{'id': '20'},[{'athlete': {'id': '4711297'}}],2025-03-13T00:58:16Z,False,"{'x': 29, 'y': 11}",546.0
401705513415,415,"{'id': '62', 'text': 'Bad Pass\nTurnover'}",Jakob Poeltl bad pass (Jared Butler steals),60,71,3,8:59,False,0,{'id': '28'},"[{'athlete': {'id': '3134908'}}, {'athlete': {'id': '4395695'}}]",2025-03-13T00:58:50Z,False,"{'x': 32, 'y': 1}",539.0
401705513417,417,"{'id': '110', 'text': 'Driving Layup Shot'}",Justin Edwards makes driving layup (Quentin Grimes assists),62,71,3,8:52,True,2,{'id': '20'},"[{'athlete': {'id': '4711297'}}, {'athlete': {'id': '4397014'}}]",2025-03-13T00:58:57Z,True,"{'x': 26, 'y': 1}",532.0
401705513419,419,"{'id': '110', 'text': 'Driving Layup Shot'}",Quentin Grimes blocks Colin Castleton 's 6-foot driving layup,62,71,3,8:34,False,0,{'id': '28'},"[{'athlete': {'id': '4397204'}}, {'athlete': {'id': '4397014'}}]",2025-03-13T00:59:17Z,True,"{'x': 27, 'y': 7}",514.0
401705513421,421,"{'id': '615', 'text': 'Jumpball'}",Quentin Grimes vs. Colin Castleton (A.J. Lawson gains possession),62,71,3,8:34,False,0,{'id': '28'},"[{'athlete': {'id': '4397204'}}, {'athlete': {'id': '4397014'}}, {'athlete': {'id': '4067017'}}]",2025-03-13T00:59:36Z,False,"{'x': -214748340, 'y': -214748365}",514.0
401705513424,424,"{'id': '156', 'text': 'Offensive Rebound'}",Raptors offensive team rebound,62,71,3,8:34,False,0,{'id': '28'},,2025-03-13T00:59:17Z,False,"{'x': 27, 'y': 7}",514.0
401705513425,425,"{'id': '110', 'text': 'Driving Layup Shot'}",Jamison Battle misses driving layup,62,71,3,8:29,False,0,{'id': '28'},[{'athlete': {'id': '4431893'}}],2025-03-13T00:59:41Z,True,"{'x': 21, 'y': 2}",509.0
401705513426,426,"{'id': '156', 'text': 'Offensive Rebound'}",A.J. Lawson offensive rebound,62,71,3,8:28,False,0,{'id': '28'},[{'athlete': {'id': '4067017'}}],2025-03-13T00:59:42Z,False,"{'x': 21, 'y': 2}",508.0
401705513427,427,"{'id': '94', 'text': 'Tip Shot'}",A.J. Lawson misses tip shot,62,71,3,8:28,False,0,{'id': '28'},[{'athlete': {'id': '4067017'}}],2025-03-13T00:59:46Z,True,"{'x': 25, 'y': 0}",508.0
401705513428,428,"{'id': '156', 'text': 'Offensive Rebound'}",Jakob Poeltl offensive rebound,62,71,3,8:27,False,0,{'id': '28'},[{'athlete': {'id': '3134908'}}],2025-03-13T00:59:47Z,False,"{'x': 25, 'y': 0}",507.0
401705513429,429,"{'id': '125', 'text': 'Layup Shot Putback'}",Jakob Poeltl makes two point shot,62,73,3,8:25,True,2,{'id': '28'},[{'athlete': {'id': '3134908'}}],2025-03-13T00:59:49Z,True,"{'x': 25, 'y': 0}",505.0
401705513430,430,"{'id': '63', 'text': 'Lost Ball Turnover'}",Quentin Grimes lost ball turnover (Jakob Poeltl steals),62,73,3,8:14,False,0,{'id': '20'},"[{'athlete': {'id': '4397014'}}, {'athlete': {'id': '3134908'}}]",2025-03-13T00:59:54Z,False,"{'x': 21, 'y': 10}",494.0
401705513432,432,"{'id': '129', 'text': 'Running Finger Roll Layup'}",A.J. Lawson makes two point shot,62,75,3,8:11,True,2,{'id': '28'},[{'athlete': {'id': '4067017'}}],2025-03-13T00:59:59Z,True,"{'x': 28, 'y': 2}",491.0
401705513433,433,"{'id': '44', 'text': 'Shooting Foul'}",Kelly Oubre Jr. shooting foul,62,75,3,8:11,False,0,{'id': '20'},[{'athlete': {'id': '3133603'}}],2025-03-13T01:00:02Z,False,"{'x': 28, 'y': 2}",491.0
401705513435,435,"{'id': '97', 'text': 'Free Throw - 1 of 1'}",A.J. Lawson makes free throw 1 of 1,62,76,3,8:11,True,1,{'id': '28'},[{'athlete': {'id': '4067017'}}],2025-03-13T01:00:27Z,True,"{'x': -214748340, 'y': -214748365}",491.0
401705513436,436,"{'id': '141', 'text': 'Cutting Layup Shot'}",Andre Drummond makes 1-foot layup (Quentin Grimes assists),64,76,3,7:59,True,2,{'id': '20'},"[{'athlete': {'id': '6585'}}, {'athlete': {'id': '4397014'}}]",2025-03-13T01:00:44Z,True,"{'x': 26, 'y': 2}",479.0
401705513438,438,"{'id': '90', 'text': 'Out of Bounds - Bad Pass Turnover'}",A.J. Lawson out of bounds bad pass turnover,64,76,3,7:52,False,0,{'id': '28'},[{'athlete': {'id': '4067017'}}],2025-03-13T01:00:53Z,False,"{'x': 5, 'y': -4}",472.0
401705513439,439,"{'id': '92', 'text': 'Jump Shot'}",Jared Butler misses 26-foot three point jumper,64,76,3,7:36,False,0,{'id': '20'},[{'athlete': {'id': '4395695'}}],2025-03-13T01:01:15Z,True,"{'x': 29, 'y': 27}",456.0
401705513440,440,"{'id': '155', 'text': 'Defensive Rebound'}",Jared Rhoden defensive rebound,64,76,3,7:30,False,0,{'id': '28'},[{'athlete': {'id': '4397119'}}],2025-03-13T01:01:21Z,False,"{'x': 29, 'y': 27}",450.0
401705513441,441,"{'id': '131', 'text': 'Pullup Jump Shot'}",Jamison Battle makes 26-foot three pointer (A.J. Lawson assists),64,79,3,7:17,True,3,{'id': '28'},"[{'athlete': {'id': '4431893'}}, {'athlete': {'id': '4067017'}}]",2025-03-13T01:01:33Z,True,"{'x': 43, 'y': 19}",437.0
401705513443,443,"{'id': '131', 'text': 'Pullup Jump Shot'}",Jared Butler misses 28-foot three point pullup jump shot,64,79,3,7:00,False,0,{'id': '20'},[{'athlete': {'id': '4395695'}}],2025-03-13T01:01:50Z,True,"{'x': 11, 'y': 25}",420.0
401705513444,444,"{'id': '155', 'text': 'Defensive Rebound'}",Colin Castleton defensive rebound,64,79,3,6:57,False,0,{'id': '28'},[{'athlete': {'id': '4397204'}}],2025-03-13T01:01:53Z,False,"{'x': 11, 'y': 25}",417.0
401705513445,445,"{'id': '130', 'text': 'Floating Jump Shot'}",Jakob Poeltl makes 8-foot two point shot (A.J. Lawson assists),64,81,3,6:49,True,2,{'id': '28'},"[{'athlete': {'id': '3134908'}}, {'athlete': {'id': '4067017'}}]",2025-03-13T01:02:02Z,True,"{'x': 30, 'y': 8}",409.0
401705513447,447,"{'id': '16', 'text': 'Full Timeout'}",76ers Full timeout,64,81,3,6:49,False,0,{'id': '20'},,2025-03-13T01:02:06Z,False,"{'x': -214748340, 'y': -214748365}",409.0
401705513448,448,"{'id': '584', 'text': 'Substitution'}",Orlando Robinson enters the game for Jakob Poeltl,64,81,3,6:49,False,0,{'id': '28'},"[{'athlete': {'id': '4593049'}}, {'athlete': {'id': '3134908'}}]",2025-03-13T01:02:08Z,False,"{'x': -214748340, 'y': -214748365}",409.0
401705513449,449,"{'id': '584', 'text': 'Substitution'}",Ricky Council IV enters the game for Justin Edwards,64,81,3,6:49,False,0,{'id': '20'},"[{'athlete': {'id': '4701234'}}, {'athlete': {'id': '4711297'}}]",2025-03-13T01:02:08Z,False,"{'x': -214748340, 'y': -214748365}",409.0
401705513452,452,"{'id': '110', 'text': 'Driving Layup Shot'}",Colin Castleton blocks Andre Drummond 's 1-foot driving layup,64,81,3,6:35,False,0,{'id': '20'},"[{'athlete': {'id': '6585'}}, {'athlete': {'id': '4397204'}}]",2025-03-13T01:05:12Z,True,"{'x': 23, 'y': 1}",395.0
401705513454,454,"{'id': '156', 'text': 'Offensive Rebound'}",Kelly Oubre Jr. offensive rebound,64,81,3,6:28,False,0,{'id': '20'},[{'athlete': {'id': '3133603'}}],2025-03-13T01:05:19Z,False,"{'x': 23, 'y': 1}",388.0
401705513455,455,"{'id': '125', 'text': 'Layup Shot Putback'}",Kelly Oubre Jr. makes two point shot,66,81,3,6:28,True,2,{'id': '20'},[{'athlete': {'id': '3133603'}}],2025-03-13T01:05:18Z,True,"{'x': 25, 'y': 0}",388.0
401705513456,456,"{'id': '92', 'text': 'Jump Shot'}",Jared Rhoden misses 23-foot three point jumper,66,81,3,6:19,False,0,{'id': '28'},[{'athlete': {'id': '4397119'}}],2025-03-13T01:05:27Z,True,"{'x': 2, 'y': -2}",379.0
401705513457,457,"{'id': '155', 'text': 'Defensive Rebound'}",Jared Butler defensive rebound,66,81,3,6:17,False,0,{'id': '20'},[{'athlete': {'id': '4395695'}}],2025-03-13T01:05:29Z,False,"{'x': 2, 'y': -2}",377.0
401705513458,458,"{'id': '129', 'text': 'Running Finger Roll Layup'}",Quentin Grimes makes two point shot (Jared Butler assists),68,81,3,6:12,True,2,{'id': '20'},"[{'athlete': {'id': '4397014'}}, {'athlete': {'id': '4395695'}}]",2025-03-13T01:05:34Z,True,"{'x': 25, 'y': 1}",372.0
401705513460,460,"{'id': '45', 'text': 'Personal Foul'}",Jared Butler personal foul,68,81,3,6:05,False,0,{'id': '20'},[{'athlete': {'id': '4395695'}}],2025-03-13T01:05:44Z,False,"{'x': 1, 'y': 6}",365.0
401705513462,462,"{'id': '584', 'text': 'Substitution'}",Jeff Dowtin Jr. enters the game for Jared Butler,68,81,3,6:05,False,0,{'id': '20'},"[{'athlete': {'id': '4066786'}}, {'athlete': {'id': '4395695'}}]",2025-03-13T01:05:54Z,False,"{'x': -214748340, 'y': -214748365}",365.0
401705513464,464,"{'id': '63', 'text': 'Lost Ball Turnover'}",Jamison Battle lost ball turnover (Kelly Oubre Jr. steals),68,81,3,5:58,False,0,{'id': '28'},"[{'athlete': {'id': '4431893'}}, {'athlete': {'id': '3133603'}}]",2025-03-13T01:06:25Z,False,"{'x': 18, 'y': 18}",358.0
401705513466,466,"{'id': '116', 'text': 'Running Dunk Shot'}",Kelly Oubre Jr. makes dunk,70,81,3,5:54,True,2,{'id': '20'},[{'athlete': {'id': '3133603'}}],2025-03-13T01:06:29Z,True,"{'x': 25, 'y': 0}",354.0
401705513467,467,"{'id': '44', 'text': 'Shooting Foul'}",Quentin Grimes shooting foul,70,81,3,5:45,False,0,{'id': '20'},[{'athlete': {'id': '4397014'}}],2025-03-13T01:06:41Z,False,"{'x': 31, 'y': 3}",345.0
401705513469,469,"{'id': '98', 'text': 'Free Throw - 1 of 2'}",Jared Rhoden makes free throw 1 of 2,70,82,3,5:45,True,1,{'id': '28'},[{'athlete': {'id': '4397119'}}],2025-03-13T01:07:11Z,True,"{'x': -214748340, 'y': -214748365}",345.0
401705513470,470,"{'id': '99', 'text': 'Free Throw - 2 of 2'}",Jared Rhoden misses free throw 2 of 2,70,82,3,5:45,False,0,{'id': '28'},[{'athlete': {'id': '4397119'}}],2025-03-13T01:07:11Z,True,"{'x': -214748340, 'y': -214748365}",345.0
401705513471,471,"{'id': '156', 'text': 'Offensive Rebound'}",Colin Castleton offensive rebound,70,82,3,5:42,False,0,{'id': '28'},[{'athlete': {'id': '4397204'}}],2025-03-13T01:07:14Z,False,"{'x': -214748340, 'y': -214748365}",342.0
401705513472,472,"{'id': '90', 'text': 'Out of Bounds - Bad Pass Turnover'}",Jared Rhoden out of bounds bad pass turnover,70,82,3,5:35,False,0,{'id': '28'},[{'athlete': {'id': '4397119'}}],2025-03-13T01:07:38Z,False,"{'x': 38, 'y': -4}",335.0
401705513473,473,"{'id': '92', 'text': 'Jump Shot'}",Ricky Council IV misses 23-foot three point jumper,70,82,3,5:16,False,0,{'id': '20'},[{'athlete': {'id': '4701234'}}],2025-03-13T01:08:03Z,True,"{'x': 48, 'y': 1}",316.0
401705513474,474,"{'id': '156', 'text': 'Offensive Rebound'}",Andre Drummond offensive rebound,70,82,3,5:13,False,0,{'id': '20'},[{'athlete': {'id': '6585'}}],2025-03-13T01:08:06Z,False,"{'x': 48, 'y': 1}",313.0
401705513475,475,"{'id': '131', 'text': 'Pullup Jump Shot'}",Quentin Grimes misses 23-foot three point pullup jump shot,70,82,3,5:10,False,0,{'id': '20'},[{'athlete': {'id': '4397014'}}],2025-03-13T01:08:08Z,True,"{'x': 2, 'y': 4}",310.0
401705513476,476,"{'id': '155', 'text': 'Defensive Rebound'}",Orlando Robinson defensive rebound,70,82,3,5:07,False,0,{'id': '28'},[{'athlete': {'id': '4593049'}}],2025-03-13T01:08:11Z,False,"{'x': 2, 'y': 4}",307.0
401705513477,477,"{'id': '128', 'text': 'Driving Finger Roll Layup'}",A.J. Lawson misses two point shot,70,82,3,5:00,False,0,{'id': '28'},[{'athlete': {'id': '4067017'}}],2025-03-13T01:08:21Z,True,"{'x': 28, 'y': 7}",300.0
401705513478,478,"{'id': '156', 'text': 'Offensive Rebound'}",Orlando Robinson offensive rebound,70,82,3,4:59,False,0,{'id': '28'},[{'athlete': {'id': '4593049'}}],2025-03-13T01:08:22Z,False,"{'x': 28, 'y': 7}",299.0
401705513479,479,"{'id': '94', 'text': 'Tip Shot'}",Orlando Robinson makes tip shot,70,84,3,4:58,True,2,{'id': '28'},[{'athlete': {'id': '4593049'}}],2025-03-13T01:08:24Z,True,"{'x': 25, 'y': 0}",298.0
401705513480,480,"{'id': '128', 'text': 'Driving Finger Roll Layup'}",Kelly Oubre Jr. misses two point shot,70,84,3,4:41,False,0,{'id': '20'},[{'athlete': {'id': '3133603'}}],2025-03-13T01:08:38Z,True,"{'x': 20, 'y': 4}",281.0
401705513481,481,"{'id': '155', 'text': 'Defensive Rebound'}",Colin Castleton defensive rebound,70,84,3,4:39,False,0,{'id': '28'},[{'athlete': {'id': '4397204'}}],2025-03-13T01:08:40Z,False,"{'x': 20, 'y': 4}",279.0
401705513482,482,"{'id': '90', 'text': 'Out of Bounds - Bad Pass Turnover'}",Colin Castleton out of bounds bad pass turnover,70,84,3,4:36,False,0,{'id': '28'},[{'athlete': {'id': '4397204'}}],2025-03-13T01:08:45Z,False,"{'x': 35, 'y': -4}",276.0
401705513483,483,"{'id': '584', 'text': 'Substitution'}",Adem Bona enters the game for Andre Drummond,70,84,3,4:36,False,0,{'id': '20'},"[{'athlete': {'id': '5105637'}}, {'athlete': {'id': '6585'}}]",2025-03-13T01:08:50Z,False,"{'x': -214748340, 'y': -214748365}",276.0
401705513485,485,"{'id': '45', 'text': 'Personal Foul'}",Jamison Battle personal foul,70,84,3,4:31,False,0,{'id': '28'},[{'athlete': {'id': '4431893'}}],2025-03-13T01:09:08Z,False,"{'x': 19, 'y': 32}",271.0
401705513487,487,"{'id': '44', 'text': 'Shooting Foul'}",Orlando Robinson shooting foul,70,84,3,4:24,False,0,{'id': '28'},[{'athlete': {'id': '4593049'}}],2025-03-13T01:09:35Z,False,"{'x': 25, 'y': 4}",264.0
401705513489,489,"{'id': '98', 'text': 'Free Throw - 1 of 2'}",Adem Bona makes free throw 1 of 2,71,84,3,4:24,True,1,{'id': '20'},[{'athlete': {'id': '5105637'}}],2025-03-13T01:09:58Z,True,"{'x': -214748340, 'y': -214748365}",264.0
401705513490,490,"{'id': '584', 'text': 'Substitution'}",Alex Reese enters the game for Quentin Grimes,71,84,3,4:24,False,0,{'id': '20'},"[{'athlete': {'id': '4277812'}}, {'athlete': {'id': '4397014'}}]",2025-03-13T01:10:08Z,False,"{'x': -214748340, 'y': -214748365}",264.0
401705513492,492,"{'id': '99', 'text': 'Free Throw - 2 of 2'}",Adem Bona makes free throw 2 of 2,72,84,3,4:24,True,1,{'id': '20'},[{'athlete': {'id': '5105637'}}],2025-03-13T01:10:31Z,True,"{'x': -214748340, 'y': -214748365}",264.0
401705513493,493,"{'id': '63', 'text': 'Lost Ball Turnover'}",A.J. Lawson lost ball turnover (Kelly Oubre Jr. steals),72,84,3,4:17,False,0,{'id': '28'},"[{'athlete': {'id': '4067017'}}, {'athlete': {'id': '3133603'}}]",2025-03-13T01:10:40Z,False,"{'x': 40, 'y': 7}",257.0
401705513495,495,"{'id': '92', 'text': 'Jump Shot'}",Ricky Council IV misses 23-foot three point jumper,72,84,3,4:01,False,0,{'id': '20'},[{'athlete': {'id': '4701234'}}],2025-03-13T01:10:56Z,True,"{'x': 49, 'y': 1}",241.0
401705513496,496,"{'id': '155', 'text': 'Defensive Rebound'}",A.J. Lawson defensive rebound,72,84,3,3:58,False,0,{'id': '28'},[{'athlete': {'id': '4067017'}}],2025-03-13T01:10:59Z,False,"{'x': 49, 'y': 1}",238.0
401705513497,497,"{'id': '131', 'text': 'Pullup Jump Shot'}",Jamison Battle misses 26-foot three point pullup jump shot,72,84,3,3:53,False,0,{'id': '28'},[{'athlete': {'id': '4431893'}}],2025-03-13T01:11:04Z,True,"{'x': 13, 'y': 23}",233.0
401705513498,498,"{'id': '156', 'text': 'Offensive Rebound'}",Orlando Robinson offensive rebound,72,84,3,3:50,False,0,{'id': '28'},[{'athlete': {'id': '4593049'}}],2025-03-13T01:11:07Z,False,"{'x': 13, 'y': 23}",230.0
401705513499,499,"{'id': '63', 'text': 'Lost Ball Turnover'}",Orlando Robinson lost ball turnover (Kelly Oubre Jr. steals),72,84,3,3:48,False,0,{'id': '28'},"[{'athlete': {'id': '4593049'}}, {'athlete': {'id': '3133603'}}]",2025-03-13T01:11:09Z,False,"{'x': 23, 'y': 27}",228.0
401705513501,501,"{'id': '116', 'text': 'Running Dunk Shot'}",Kelly Oubre Jr. makes dunk,74,84,3,3:45,True,2,{'id': '20'},[{'athlete': {'id': '3133603'}}],2025-03-13T01:11:13Z,True,"{'x': 25, 'y': 1}",225.0
401705513502,502,"{'id': '16', 'text': 'Full Timeout'}",Raptors Full timeout,74,84,3,3:45,False,0,{'id': '28'},,2025-03-13T01:11:17Z,False,"{'x': -214748340, 'y': -214748365}",225.0
401705513503,503,"{'id': '110', 'text': 'Driving Layup Shot'}",Alex Reese blocks Jared Rhoden's driving layup,74,84,3,3:30,False,0,{'id': '28'},"[{'athlete': {'id': '4397119'}}, {'athlete': {'id': '4277812'}}]",2025-03-13T01:14:20Z,True,"{'x': 25, 'y': 4}",210.0
401705513505,505,"{'id': '156', 'text': 'Offensive Rebound'}",Jared Rhoden offensive rebound,74,84,3,3:29,False,0,{'id': '28'},[{'athlete': {'id': '4397119'}}],2025-03-13T01:14:21Z,False,"{'x': 25, 'y': 4}",209.0
401705513506,506,"{'id': '125', 'text': 'Layup Shot Putback'}",Adem Bona blocks Jared Rhoden's two point shot,74,84,3,3:28,False,0,{'id': '28'},"[{'athlete': {'id': '4397119'}}, {'athlete': {'id': '5105637'}}]",2025-03-13T01:14:26Z,True,"{'x': 25, 'y': 0}",208.0
401705513507,507,"{'id': '156', 'text': 'Offensive Rebound'}",Orlando Robinson offensive rebound,74,84,3,3:27,False,0,{'id': '28'},[{'athlete': {'id': '4593049'}}],2025-03-13T01:14:27Z,False,"{'x': 25, 'y': 0}",207.0
401705513508,508,"{'id': '92', 'text': 'Jump Shot'}",A.J. Lawson misses 25-foot three point jumper,74,84,3,3:25,False,0,{'id': '28'},[{'athlete': {'id': '4067017'}}],2025-03-13T01:14:28Z,True,"{'x': 27, 'y': 26}",205.0
401705513509,509,"{'id': '156', 'text': 'Offensive Rebound'}",Colin Castleton offensive rebound,74,84,3,3:23,False,0,{'id': '28'},[{'athlete': {'id': '4397204'}}],2025-03-13T01:14:30Z,False,"{'x': 27, 'y': 26}",203.0
401705513510,510,"{'id': '92', 'text': 'Jump Shot'}",Jamison Battle misses 25-foot three point jumper,74,84,3,3:17,False,0,{'id': '28'},[{'athlete': {'id': '4431893'}}],2025-03-13T01:14:31Z,True,"{'x': 47, 'y': 14}",197.0
401705513511,511,"{'id': '155', 'text': 'Defensive Rebound'}",Ricky Council IV defensive rebound,74,84,3,3:14,False,0,{'id': '20'},[{'athlete': {'id': '4701234'}}],2025-03-13T01:14:33Z,False,"{'x': 47, 'y': 14}",194.0
401705513512,512,"{'id': '92', 'text': 'Jump Shot'}",Ricky Council IV makes 25-foot three point jumper (Jeff Dowtin Jr. assists),77,84,3,3:08,True,3,{'id': '20'},"[{'athlete': {'id': '4701234'}}, {'athlete': {'id': '4066786'}}]",2025-03-13T01:14:39Z,True,"{'x': 37, 'y': 23}",188.0
401705513514,514,"{'id': '144', 'text': 'Driving Floating Jump Shot'}",Jamison Battle misses driving floating jump shot,77,84,3,2:45,False,0,{'id': '28'},[{'athlete': {'id': '4431893'}}],2025-03-13T01:15:03Z,True,"{'x': 29, 'y': 9}",165.0
401705513515,515,"{'id': '156', 'text': 'Offensive Rebound'}",Orlando Robinson offensive rebound,77,84,3,2:43,False,0,{'id': '28'},[{'athlete': {'id': '4593049'}}],2025-03-13T01:15:05Z,False,"{'x': 29, 'y': 9}",163.0
401705513516,516,"{'id': '125', 'text': 'Layup Shot Putback'}",Orlando Robinson misses two point shot,77,84,3,2:41,False,0,{'id': '28'},[{'athlete': {'id': '4593049'}}],2025-03-13T01:15:08Z,True,"{'x': 29, 'y': 1}",161.0
401705513517,517,"{'id': '156', 'text': 'Offensive Rebound'}",Jamison Battle offensive rebound,77,84,3,2:39,False,0,{'id': '28'},[{'athlete': {'id': '4431893'}}],2025-03-13T01:15:09Z,False,"{'x': 29, 'y': 1}",159.0
401705513518,518,"{'id': '122', 'text': 'Jump Shot Bank'}",A.J. Lawson makes 25-foot jump bank shot (Colin Castleton assists),77,87,3,2:37,True,3,{'id': '28'},"[{'athlete': {'id': '4067017'}}, {'athlete': {'id': '4397204'}}]",2025-03-13T01:15:11Z,True,"{'x': 23, 'y': 26}",157.0
401705513520,520,"{'id': '132', 'text': 'Step Back Jump Shot'}",Jeff Dowtin Jr. makes 21-foot step back jumpshot (Ricky Council IV assists),79,87,3,2:08,True,2,{'id': '20'},"[{'athlete': {'id': '4066786'}}, {'athlete': {'id': '4701234'}}]",2025-03-13T01:15:39Z,True,"{'x': 46, 'y': 6}",128.0
401705513523,523,"{'id': '63', 'text': 'Lost Ball Turnover'}",Colin Castleton lost ball turnover (Adem Bona steals),79,87,3,1:44,False,0,{'id': '28'},"[{'athlete': {'id': '4397204'}}, {'athlete': {'id': '5105637'}}]",2025-03-13T01:16:04Z,False,"{'x': 24, 'y': 14}",104.0
401705513525,525,"{'id': '116', 'text': 'Running Dunk Shot'}",Adem Bona makes dunk,81,87,3,1:41,True,2,{'id': '20'},[{'athlete': {'id': '5105637'}}],2025-03-13T01:16:08Z,True,"{'x': 26, 'y': 1}",101.0
401705513526,526,"{'id': '128', 'text': 'Driving Finger Roll Layup'}",Jared Rhoden makes 5-foot two point shot (Orlando Robinson assists),81,89,3,1:21,True,2,{'id': '28'},"[{'athlete': {'id': '4397119'}}, {'athlete': {'id': '4593049'}}]",2025-03-13T01:16:27Z,True,"{'x': 29, 'y': 4}",81.0
401705513528,528,"{'id': '132', 'text': 'Step Back Jump Shot'}",Jeff Dowtin Jr. makes 25-foot three point step back jumpshot,84,89,3,1:08,True,3,{'id': '20'},[{'athlete': {'id': '4066786'}}],2025-03-13T01:16:40Z,True,"{'x': 46, 'y': 14}",68.0
401705513530,530,"{'id': '12', 'text': 'Kicked Ball'}",Jeff Dowtin Jr. kicked ball violation,84,89,3,50.1,False,0,{'id': '20'},[{'athlete': {'id': '4066786'}}],2025-03-13T01:17:20Z,False,"{'x': -214748340, 'y': -214748365}",50.1
401705513536,536,"{'id': '584', 'text': 'Substitution'}",Justin Edwards enters the game for Kelly Oubre Jr.,84,89,3,50.1,False,0,{'id': '20'},"[{'athlete': {'id': '4711297'}}, {'athlete': {'id': '3133603'}}]",2025-03-13T01:17:27Z,False,"{'x': -214748340, 'y': -214748365}",50.1
401705513531,531,"{'id': '142', 'text': 'Cutting Finger Roll Layup Shot'}",Orlando Robinson misses layup,84,89,3,41.1,False,0,{'id': '28'},[{'athlete': {'id': '4593049'}}],2025-03-13T01:17:34Z,True,"{'x': 23, 'y': 1}",41.1
401705513532,532,"{'id': '155', 'text': 'Defensive Rebound'}",Adem Bona defensive rebound,84,89,3,39.1,False,0,{'id': '20'},[{'athlete': {'id': '5105637'}}],2025-03-13T01:17:36Z,False,"{'x': 23, 'y': 1}",39.1
401705513533,533,"{'id': '144', 'text': 'Driving Floating Jump Shot'}",Jeff Dowtin Jr. makes 10-foot driving floating jump shot,86,89,3,28.1,True,2,{'id': '20'},[{'athlete': {'id': '4066786'}}],2025-03-13T01:17:47Z,True,"{'x': 19, 'y': 9}",28.1
401705513535,535,"{'id': '92', 'text': 'Jump Shot'}",A.J. Lawson misses 23-foot three point jumper,86,89,3,6.0,False,0,{'id': '28'},[{'athlete': {'id': '4067017'}}],2025-03-13T01:18:34Z,True,"{'x': 2, 'y': -1}",6.0
401705513538,538,"{'id': '156', 'text': 'Offensive Rebound'}",Raptors offensive team rebound,86,89,3,4.1,False,0,{'id': '28'},,2025-03-13T01:18:35Z,False,"{'x': 2, 'y': -1}",4.1
401705513539,539,"{'id': '70', 'text': 'Shot Clock Turnover'}",shot clock turnover ,86,89,3,4.1,False,0,{'id': '28'},,2025-03-13T01:18:40Z,False,"{'x': 2, 'y': 0}",4.1
401705513540,540,"{'id': '131', 'text': 'Pullup Jump Shot'}",Ricky Council IV misses 38-foot three point pullup jump shot,86,89,3,0.1,False,0,{'id': '20'},[{'athlete': {'id': '4701234'}}],2025-03-13T01:18:59Z,True,"{'x': 24, 'y': 38}",0.1
401705513541,541,"{'id': '156', 'text': 'Offensive Rebound'}",76ers offensive team rebound,86,89,3,0.1,False,0,{'id': '20'},,2025-03-13T01:18:59Z,False,"{'x': 24, 'y': 38}",0.1
401705513542,542,"{'id': '412', 'text': 'End Period'}",End of the 3rd Quarter,86,89,3,0.0,False,0,,,2025-03-13T01:19:03Z,False,"{'x': -214748340, 'y': -214748365}",0.0
401705513543,543,"{'id': '584', 'text': 'Substitution'}",Garrett Temple enters the game for A.J. Lawson,86,89,4,12:00,False,0,{'id': '28'},"[{'athlete': {'id': '4023'}}, {'athlete': {'id': '4067017'}}]",2025-03-13T01:19:08Z,False,"{'x': -214748340, 'y': -214748365}",720.0
401705513546,546,"{'id': '90', 'text': 'Out of Bounds - Bad Pass Turnover'}",Garrett Temple out of bounds bad pass turnover,86,89,4,11:52,False,0,{'id': '28'},[{'athlete': {'id': '4023'}}],2025-03-13T01:21:54Z,False,"{'x': 49, 'y': 11}",712.0
401705513547,547,"{'id': '128', 'text': 'Driving Finger Roll Layup'}",Adem Bona misses two point shot,86,89,4,11:39,False,0,{'id': '20'},[{'athlete': {'id': '5105637'}}],2025-03-13T01:22:15Z,True,"{'x': 24, 'y': 8}",699.0
401705513548,548,"{'id': '155', 'text': 'Defensive Rebound'}",Orlando Robinson defensive rebound,86,89,4,11:37,False,0,{'id': '28'},[{'athlete': {'id': '4593049'}}],2025-03-13T01:22:17Z,False,"{'x': 24, 'y': 8}",697.0
401705513549,549,"{'id': '132', 'text': 'Step Back Jump Shot'}",Jamison Battle misses 23-foot three point step back jumpshot,86,89,4,11:25,False,0,{'id': '28'},[{'athlete': {'id': '4431893'}}],2025-03-13T01:22:29Z,True,"{'x': 48, 'y': 6}",685.0
401705513550,550,"{'id': '155', 'text': 'Defensive Rebound'}",76ers defensive team rebound,86,89,4,11:23,False,0,{'id': '20'},,2025-03-13T01:22:31Z,False,"{'x': 48, 'y': 6}",683.0
401705513551,551,"{'id': '43', 'text': 'Loose Ball Foul'}",Garrett Temple loose ball foul,86,89,4,11:23,False,0,{'id': '28'},[{'athlete': {'id': '4023'}}],2025-03-13T01:22:36Z,False,"{'x': 25, 'y': 2}",683.0
401705513553,553,"{'id': '144', 'text': 'Driving Floating Jump Shot'}",Ricky Council IV misses driving floating jump shot,86,89,4,11:12,False,0,{'id': '20'},[{'athlete': {'id': '4701234'}}],2025-03-13T01:23:03Z,True,"{'x': 25, 'y': 7}",672.0
401705513554,554,"{'id': '155', 'text': 'Defensive Rebound'}",Garrett Temple defensive rebound,86,89,4,11:09,False,0,{'id': '28'},[{'athlete': {'id': '4023'}}],2025-03-13T01:23:06Z,False,"{'x': 25, 'y': 7}",669.0
401705513555,555,"{'id': '44', 'text': 'Shooting Foul'}",Alex Reese shooting foul,86,89,4,11:06,False,0,{'id': '20'},[{'athlete': {'id': '4277812'}}],2025-03-13T01:23:11Z,False,"{'x': 31, 'y': 0}",666.0
401705513557,557,"{'id': '98', 'text': 'Free Throw - 1 of 2'}",Orlando Robinson makes free throw 1 of 2,86,90,4,11:06,True,1,{'id': '28'},[{'athlete': {'id': '4593049'}}],2025-03-13T01:23:39Z,True,"{'x': -214748340, 'y': -214748365}",666.0
401705513558,558,"{'id': '99', 'text': 'Free Throw - 2 of 2'}",Orlando Robinson misses free throw 2 of 2,86,90,4,11:06,False,0,{'id': '28'},[{'athlete': {'id': '4593049'}}],2025-03-13T01:23:39Z,True,"{'x': -214748340, 'y': -214748365}",666.0
401705513559,559,"{'id': '156', 'text': 'Offensive Rebound'}",Colin Castleton offensive rebound,86,90,4,11:04,False,0,{'id': '28'},[{'athlete': {'id': '4397204'}}],2025-03-13T01:23:41Z,False,"{'x': -214748340, 'y': -214748365}",664.0
401705513560,560,"{'id': '44', 'text': 'Shooting Foul'}",Alex Reese shooting foul,86,90,4,10:59,False,0,{'id': '20'},[{'athlete': {'id': '4277812'}}],2025-03-13T01:24:04Z,False,"{'x': 22, 'y': 1}",659.0
401705513562,562,"{'id': '98', 'text': 'Free Throw - 1 of 2'}",Orlando Robinson makes free throw 1 of 2,86,91,4,10:59,True,1,{'id': '28'},[{'athlete': {'id': '4593049'}}],2025-03-13T01:24:26Z,True,"{'x': -214748340, 'y': -214748365}",659.0
401705513563,563,"{'id': '99', 'text': 'Free Throw - 2 of 2'}",Orlando Robinson makes free throw 2 of 2,86,92,4,10:59,True,1,{'id': '28'},[{'athlete': {'id': '4593049'}}],2025-03-13T01:24:40Z,True,"{'x': -214748340, 'y': -214748365}",659.0
401705513564,564,"{'id': '92', 'text': 'Jump Shot'}",Alex Reese misses 26-foot three point jumper,86,92,4,10:45,False,0,{'id': '20'},[{'athlete': {'id': '4277812'}}],2025-03-13T01:24:56Z,True,"{'x': 25, 'y': 27}",645.0
401705513565,565,"{'id': '155', 'text': 'Defensive Rebound'}",Jamison Battle defensive rebound,86,92,4,10:42,False,0,{'id': '28'},[{'athlete': {'id': '4431893'}}],2025-03-13T01:24:59Z,False,"{'x': 25, 'y': 27}",642.0
401705513566,566,"{'id': '92', 'text': 'Jump Shot'}",Jared Rhoden misses 25-foot three point jumper,86,92,4,10:28,False,0,{'id': '28'},[{'athlete': {'id': '4397119'}}],2025-03-13T01:25:12Z,True,"{'x': 20, 'y': 25}",628.0
401705513567,567,"{'id': '155', 'text': 'Defensive Rebound'}",Adem Bona defensive rebound,86,92,4,10:24,False,0,{'id': '20'},[{'athlete': {'id': '5105637'}}],2025-03-13T01:25:16Z,False,"{'x': 20, 'y': 25}",624.0
401705513568,568,"{'id': '129', 'text': 'Running Finger Roll Layup'}",Ricky Council IV misses two point shot,86,92,4,10:20,False,0,{'id': '20'},[{'athlete': {'id': '4701234'}}],2025-03-13T01:25:21Z,True,"{'x': 21, 'y': 4}",620.0
401705513569,569,"{'id': '155', 'text': 'Defensive Rebound'}",Jared Rhoden defensive rebound,86,92,4,10:17,False,0,{'id': '28'},[{'athlete': {'id': '4397119'}}],2025-03-13T01:25:24Z,False,"{'x': 21, 'y': 4}",617.0
401705513570,570,"{'id': '120', 'text': 'Turnaround Hook Shot'}",Colin Castleton makes 6-foot two point shot (Jared Rhoden assists),86,94,4,10:11,True,2,{'id': '28'},"[{'athlete': {'id': '4397204'}}, {'athlete': {'id': '4397119'}}]",2025-03-13T01:25:30Z,True,"{'x': 30, 'y': 5}",611.0
401705513572,572,"{'id': '12', 'text': 'Kicked Ball'}",Colin Castleton kicked ball violation,86,94,4,10:00,False,0,{'id': '28'},[{'athlete': {'id': '4397204'}}],2025-03-13T01:25:44Z,False,"{'x': -214748340, 'y': -214748365}",600.0
401705513573,573,"{'id': '584', 'text': 'Substitution'}",Jared Butler enters the game for Justin Edwards,86,94,4,10:00,False,0,{'id': '20'},"[{'athlete': {'id': '4395695'}}, {'athlete': {'id': '4711297'}}]",2025-03-13T01:25:47Z,False,"{'x': -214748340, 'y': -214748365}",600.0
401705513575,575,"{'id': '584', 'text': 'Substitution'}",A.J. Lawson enters the game for Jared Rhoden,86,94,4,10:00,False,0,{'id': '28'},"[{'athlete': {'id': '4067017'}}, {'athlete': {'id': '4397119'}}]",2025-03-13T01:25:47Z,False,"{'x': -214748340, 'y': -214748365}",600.0
401705513577,577,"{'id': '128', 'text': 'Driving Finger Roll Layup'}",Jeff Dowtin Jr. makes two point shot,88,94,4,9:50,True,2,{'id': '20'},[{'athlete': {'id': '4066786'}}],2025-03-13T01:26:29Z,True,"{'x': 26, 'y': 0}",590.0
401705513578,578,"{'id': '120', 'text': 'Turnaround Hook Shot'}",Orlando Robinson makes 5-foot two point shot (Garrett Temple assists),88,96,4,9:31,True,2,{'id': '28'},"[{'athlete': {'id': '4593049'}}, {'athlete': {'id': '4023'}}]",2025-03-13T01:26:48Z,True,"{'x': 26, 'y': 5}",571.0
401705513580,580,"{'id': '92', 'text': 'Jump Shot'}",Ricky Council IV misses 26-foot three point jumper,88,96,4,9:16,False,0,{'id': '20'},[{'athlete': {'id': '4701234'}}],2025-03-13T01:27:03Z,True,"{'x': 33, 'y': 26}",556.0
401705513581,581,"{'id': '155', 'text': 'Defensive Rebound'}",Colin Castleton defensive rebound,88,96,4,9:15,False,0,{'id': '28'},[{'athlete': {'id': '4397204'}}],2025-03-13T01:27:04Z,False,"{'x': 33, 'y': 26}",555.0
401705513582,582,"{'id': '16', 'text': 'Full Timeout'}",Raptors Full timeout,88,96,4,9:15,False,0,{'id': '28'},,2025-03-13T01:27:12Z,False,"{'x': -214748340, 'y': -214748365}",555.0
401705513583,583,"{'id': '584', 'text': 'Substitution'}",Jared Rhoden enters the game for Garrett Temple,88,96,4,9:15,False,0,{'id': '28'},"[{'athlete': {'id': '4397119'}}, {'athlete': {'id': '4023'}}]",2025-03-13T01:29:36Z,False,"{'x': -214748340, 'y': -214748365}",555.0
401705513584,584,"{'id': '584', 'text': 'Substitution'}",Quentin Grimes enters the game for Adem Bona,88,96,4,9:15,False,0,{'id': '20'},"[{'athlete': {'id': '4397014'}}, {'athlete': {'id': '5105637'}}]",2025-03-13T01:29:36Z,False,"{'x': -214748340, 'y': -214748365}",555.0
401705513585,585,"{'id': '584', 'text': 'Substitution'}",Andre Drummond enters the game for Alex Reese,88,96,4,9:15,False,0,{'id': '20'},"[{'athlete': {'id': '6585'}}, {'athlete': {'id': '4277812'}}]",2025-03-13T01:29:36Z,False,"{'x': -214748340, 'y': -214748365}",555.0
401705513589,589,"{'id': '92', 'text': 'Jump Shot'}",Orlando Robinson misses 13-foot jumper,88,96,4,8:53,False,0,{'id': '28'},[{'athlete': {'id': '4593049'}}],2025-03-13T01:30:29Z,True,"{'x': 31, 'y': 12}",533.0
401705513590,590,"{'id': '156', 'text': 'Offensive Rebound'}",Raptors offensive team rebound,88,96,4,8:53,False,0,{'id': '28'},,2025-03-13T01:30:29Z,False,"{'x': 31, 'y': 12}",533.0
401705513591,591,"{'id': '43', 'text': 'Loose Ball Foul'}",Ricky Council IV loose ball foul,88,96,4,8:53,False,0,{'id': '20'},[{'athlete': {'id': '4701234'}}],2025-03-13T01:30:33Z,False,"{'x': 25, 'y': 1}",533.0
401705513593,593,"{'id': '92', 'text': 'Jump Shot'}",Jamison Battle misses 22-foot three point jumper,88,96,4,8:44,False,0,{'id': '28'},[{'athlete': {'id': '4431893'}}],2025-03-13T01:30:59Z,True,"{'x': 48, 'y': 2}",524.0
401705513594,594,"{'id': '155', 'text': 'Defensive Rebound'}",Andre Drummond defensive rebound,88,96,4,8:42,False,0,{'id': '20'},[{'athlete': {'id': '6585'}}],2025-03-13T01:31:01Z,False,"{'x': 48, 'y': 2}",522.0
401705513595,595,"{'id': '45', 'text': 'Personal Foul'}",Jamison Battle personal foul,88,96,4,8:33,False,0,{'id': '28'},[{'athlete': {'id': '4431893'}}],2025-03-13T01:31:17Z,False,"{'x': 26, 'y': 6}",513.0
401705513598,598,"{'id': '16', 'text': 'Full Timeout'}",76ers Full timeout,88,96,4,8:33,False,0,{'id': '20'},,2025-03-13T01:31:29Z,False,"{'x': -214748340, 'y': -214748365}",513.0
401705513599,599,"{'id': '215', 'text': ""Coach's Challenge (Overturned)""}",(08:33) [76ers] COACH'S CHALLENGE (CALL OVERTURNED) [76ers] retain their timeout,88,96,4,8:33,False,0,{'id': '20'},,2025-03-13T01:31:30Z,False,"{'x': -214748340, 'y': -214748365}",513.0
401705513600,600,"{'id': '62', 'text': 'Bad Pass\nTurnover'}",Quentin Grimes bad pass (Jared Rhoden steals),88,96,4,8:30,False,0,{'id': '20'},"[{'athlete': {'id': '4397014'}}, {'athlete': {'id': '4397119'}}]",2025-03-13T01:35:09Z,False,"{'x': 22, 'y': 33}",510.0
401705513602,602,"{'id': '116', 'text': 'Running Dunk Shot'}",Jared Rhoden makes dunk,88,98,4,8:28,True,2,{'id': '28'},[{'athlete': {'id': '4397119'}}],2025-03-13T01:35:12Z,True,"{'x': 25, 'y': 1}",508.0
401705513603,603,"{'id': '131', 'text': 'Pullup Jump Shot'}",Quentin Grimes misses 16-foot pullup jump shot,88,98,4,8:10,False,0,{'id': '20'},[{'athlete': {'id': '4397014'}}],2025-03-13T01:35:30Z,True,"{'x': 37, 'y': 12}",490.0
401705513604,604,"{'id': '155', 'text': 'Defensive Rebound'}",Orlando Robinson defensive rebound,88,98,4,8:07,False,0,{'id': '28'},[{'athlete': {'id': '4593049'}}],2025-03-13T01:35:33Z,False,"{'x': 37, 'y': 12}",487.0
401705513605,605,"{'id': '119', 'text': 'Driving Hook Shot'}",Orlando Robinson misses 9-foot two point shot,88,98,4,7:45,False,0,{'id': '28'},[{'athlete': {'id': '4593049'}}],2025-03-13T01:35:55Z,True,"{'x': 27, 'y': 10}",465.0
401705513606,606,"{'id': '156', 'text': 'Offensive Rebound'}",Raptors offensive team rebound,88,98,4,7:45,False,0,{'id': '28'},,2025-03-13T01:35:55Z,False,"{'x': 27, 'y': 10}",465.0
401705513607,607,"{'id': '43', 'text': 'Loose Ball Foul'}",Ricky Council IV loose ball foul,88,98,4,7:45,False,0,{'id': '20'},[{'athlete': {'id': '4701234'}}],2025-03-13T01:36:02Z,False,"{'x': 26, 'y': 1}",465.0
401705513609,609,"{'id': '131', 'text': 'Pullup Jump Shot'}",Jared Rhoden makes 25-foot three pointer (Orlando Robinson assists),88,101,4,7:39,True,3,{'id': '28'},"[{'athlete': {'id': '4397119'}}, {'athlete': {'id': '4593049'}}]",2025-03-13T01:36:29Z,True,"{'x': 23, 'y': 26}",459.0
401705513611,611,"{'id': '92', 'text': 'Jump Shot'}",Andre Drummond misses 25-foot three point jumper,88,101,4,7:27,False,0,{'id': '20'},[{'athlete': {'id': '6585'}}],2025-03-13T01:36:41Z,True,"{'x': 40, 'y': 21}",447.0
401705513612,612,"{'id': '155', 'text': 'Defensive Rebound'}",Orlando Robinson defensive rebound,88,101,4,7:23,False,0,{'id': '28'},[{'athlete': {'id': '4593049'}}],2025-03-13T01:36:45Z,False,"{'x': 40, 'y': 21}",443.0
401705513613,613,"{'id': '92', 'text': 'Jump Shot'}",Jared Rhoden misses 24-foot three point jumper,88,101,4,7:08,False,0,{'id': '28'},[{'athlete': {'id': '4397119'}}],2025-03-13T01:37:01Z,True,"{'x': 45, 'y': 14}",428.0
401705513614,614,"{'id': '156', 'text': 'Offensive Rebound'}",Colin Castleton offensive rebound,88,101,4,7:07,False,0,{'id': '28'},[{'athlete': {'id': '4397204'}}],2025-03-13T01:37:02Z,False,"{'x': 45, 'y': 14}",427.0
401705513617,617,"{'id': '94', 'text': 'Tip Shot'}",Colin Castleton misses tip shot,88,101,4,7:06,False,0,{'id': '28'},[{'athlete': {'id': '4397204'}}],2025-03-13T01:37:07Z,True,"{'x': 25, 'y': 0}",426.0
401705513618,618,"{'id': '155', 'text': 'Defensive Rebound'}",Andre Drummond defensive rebound,88,101,4,7:05,False,0,{'id': '20'},[{'athlete': {'id': '6585'}}],2025-03-13T01:37:08Z,False,"{'x': 25, 'y': 0}",425.0
401705513619,619,"{'id': '144', 'text': 'Driving Floating Jump Shot'}",Jeff Dowtin Jr. makes 8-foot driving floating jump shot (Quentin Grimes assists),90,101,4,6:50,True,2,{'id': '20'},"[{'athlete': {'id': '4066786'}}, {'athlete': {'id': '4397014'}}]",2025-03-13T01:37:18Z,True,"{'x': 21, 'y': 8}",410.0
401705513621,621,"{'id': '62', 'text': 'Bad Pass\nTurnover'}",A.J. Lawson bad pass (Jeff Dowtin Jr. steals),90,101,4,6:31,False,0,{'id': '28'},"[{'athlete': {'id': '4067017'}}, {'athlete': {'id': '4066786'}}]",2025-03-13T01:37:37Z,False,"{'x': 15, 'y': -1}",391.0
401705513623,623,"{'id': '116', 'text': 'Running Dunk Shot'}",Quentin Grimes makes dunk (Jeff Dowtin Jr. assists),92,101,4,6:28,True,2,{'id': '20'},"[{'athlete': {'id': '4397014'}}, {'athlete': {'id': '4066786'}}]",2025-03-13T01:37:40Z,True,"{'x': 25, 'y': 0}",388.0
401705513625,625,"{'id': '119', 'text': 'Driving Hook Shot'}",Colin Castleton misses 6-foot two point shot,92,101,4,6:18,False,0,{'id': '28'},[{'athlete': {'id': '4397204'}}],2025-03-13T01:37:50Z,True,"{'x': 25, 'y': 7}",378.0
401705513626,626,"{'id': '156', 'text': 'Offensive Rebound'}",Raptors offensive team rebound,92,101,4,6:18,False,0,{'id': '28'},,2025-03-13T01:37:53Z,False,"{'x': 25, 'y': 7}",378.0
401705513628,628,"{'id': '92', 'text': 'Jump Shot'}",Orlando Robinson misses 25-foot three point jumper,92,101,4,6:16,False,0,{'id': '28'},[{'athlete': {'id': '4593049'}}],2025-03-13T01:38:19Z,True,"{'x': 4, 'y': 15}",376.0
401705513629,629,"{'id': '155', 'text': 'Defensive Rebound'}",Jared Butler defensive rebound,92,101,4,6:12,False,0,{'id': '20'},[{'athlete': {'id': '4395695'}}],2025-03-13T01:38:23Z,False,"{'x': 4, 'y': 15}",372.0
401705513630,630,"{'id': '131', 'text': 'Pullup Jump Shot'}",Jeff Dowtin Jr. makes 9-foot pullup jump shot,94,101,4,5:57,True,2,{'id': '20'},[{'athlete': {'id': '4066786'}}],2025-03-13T01:38:36Z,True,"{'x': 19, 'y': 8}",357.0
401705513631,631,"{'id': '44', 'text': 'Shooting Foul'}",Andre Drummond shooting foul,94,101,4,5:44,False,0,{'id': '20'},[{'athlete': {'id': '6585'}}],2025-03-13T01:38:54Z,False,"{'x': 22, 'y': 6}",344.0
401705513633,633,"{'id': '98', 'text': 'Free Throw - 1 of 2'}",Orlando Robinson makes free throw 1 of 2,94,102,4,5:44,True,1,{'id': '28'},[{'athlete': {'id': '4593049'}}],2025-03-13T01:39:20Z,True,"{'x': -214748340, 'y': -214748365}",344.0
401705513634,634,"{'id': '584', 'text': 'Substitution'}",Garrett Temple enters the game for Jamison Battle,94,102,4,5:44,False,0,{'id': '28'},"[{'athlete': {'id': '4023'}}, {'athlete': {'id': '4431893'}}]",2025-03-13T01:39:22Z,False,"{'x': -214748340, 'y': -214748365}",344.0
401705513636,636,"{'id': '99', 'text': 'Free Throw - 2 of 2'}",Orlando Robinson makes free throw 2 of 2,94,103,4,5:44,True,1,{'id': '28'},[{'athlete': {'id': '4593049'}}],2025-03-13T01:39:38Z,True,"{'x': -214748340, 'y': -214748365}",344.0
401705513637,637,"{'id': '121', 'text': 'Fade Away Jump Shot'}",Ricky Council IV misses 14-foot two point shot,94,103,4,5:22,False,0,{'id': '20'},[{'athlete': {'id': '4701234'}}],2025-03-13T01:40:07Z,True,"{'x': 18, 'y': 13}",322.0
401705513638,638,"{'id': '156', 'text': 'Offensive Rebound'}",Jeff Dowtin Jr. offensive rebound,94,103,4,5:19,False,0,{'id': '20'},[{'athlete': {'id': '4066786'}}],2025-03-13T01:40:10Z,False,"{'x': 18, 'y': 13}",319.0
401705513639,639,"{'id': '131', 'text': 'Pullup Jump Shot'}",Jeff Dowtin Jr. makes 10-foot pullup jump shot,96,103,4,5:16,True,2,{'id': '20'},[{'athlete': {'id': '4066786'}}],2025-03-13T01:40:13Z,True,"{'x': 17, 'y': 7}",316.0
401705513640,640,"{'id': '128', 'text': 'Driving Finger Roll Layup'}",A.J. Lawson makes two point shot (Orlando Robinson assists),96,105,4,5:03,True,2,{'id': '28'},"[{'athlete': {'id': '4067017'}}, {'athlete': {'id': '4593049'}}]",2025-03-13T01:40:26Z,True,"{'x': 25, 'y': 1}",303.0
401705513642,642,"{'id': '132', 'text': 'Step Back Jump Shot'}",Jeff Dowtin Jr. misses 26-foot three point step back jumpshot,96,105,4,4:46,False,0,{'id': '20'},[{'athlete': {'id': '4066786'}}],2025-03-13T01:40:43Z,True,"{'x': 24, 'y': 27}",286.0
401705513643,643,"{'id': '155', 'text': 'Defensive Rebound'}",A.J. Lawson defensive rebound,96,105,4,4:43,False,0,{'id': '28'},[{'athlete': {'id': '4067017'}}],2025-03-13T01:40:46Z,False,"{'x': 24, 'y': 27}",283.0
401705513644,644,"{'id': '95', 'text': 'Layup Shot'}",Orlando Robinson makes layup (Jared Rhoden assists),96,107,4,4:36,True,2,{'id': '28'},"[{'athlete': {'id': '4593049'}}, {'athlete': {'id': '4397119'}}]",2025-03-13T01:40:54Z,True,"{'x': 26, 'y': 1}",276.0
401705513646,646,"{'id': '110', 'text': 'Driving Layup Shot'}",Ricky Council IV makes driving layup (Jared Butler assists),98,107,4,4:29,True,2,{'id': '20'},"[{'athlete': {'id': '4701234'}}, {'athlete': {'id': '4395695'}}]",2025-03-13T01:41:02Z,True,"{'x': 25, 'y': 2}",269.0
401705513648,648,"{'id': '16', 'text': 'Full Timeout'}",Raptors Full timeout,98,107,4,4:28,False,0,{'id': '28'},,2025-03-13T01:41:10Z,False,"{'x': -214748340, 'y': -214748365}",268.0
401705513649,649,"{'id': '584', 'text': 'Substitution'}",Adem Bona enters the game for Andre Drummond,98,107,4,4:28,False,0,{'id': '20'},"[{'athlete': {'id': '5105637'}}, {'athlete': {'id': '6585'}}]",2025-03-13T01:42:03Z,False,"{'x': -214748340, 'y': -214748365}",268.0
401705513651,651,"{'id': '44', 'text': 'Shooting Foul'}",Jeff Dowtin Jr. shooting foul,98,107,4,4:15,False,0,{'id': '20'},[{'athlete': {'id': '4066786'}}],2025-03-13T01:42:54Z,False,"{'x': 14, 'y': 6}",255.0
401705513653,653,"{'id': '98', 'text': 'Free Throw - 1 of 2'}",A.J. Lawson makes free throw 1 of 2,98,108,4,4:15,True,1,{'id': '28'},[{'athlete': {'id': '4067017'}}],2025-03-13T01:43:17Z,True,"{'x': -214748340, 'y': -214748365}",255.0
401705513654,654,"{'id': '99', 'text': 'Free Throw - 2 of 2'}",A.J. Lawson makes free throw 2 of 2,98,109,4,4:15,True,1,{'id': '28'},[{'athlete': {'id': '4067017'}}],2025-03-13T01:43:30Z,True,"{'x': -214748340, 'y': -214748365}",255.0
401705513655,655,"{'id': '110', 'text': 'Driving Layup Shot'}",Colin Castleton blocks Jared Butler 's 5-foot driving layup,98,109,4,4:06,False,0,{'id': '20'},"[{'athlete': {'id': '4395695'}}, {'athlete': {'id': '4397204'}}]",2025-03-13T01:43:43Z,True,"{'x': 29, 'y': 5}",246.0
401705513657,657,"{'id': '156', 'text': 'Offensive Rebound'}",76ers offensive team rebound,98,109,4,4:05,False,0,{'id': '20'},,2025-03-13T01:43:44Z,False,"{'x': 29, 'y': 5}",245.0
401705513659,659,"{'id': '92', 'text': 'Jump Shot'}",Quentin Grimes misses 23-foot three point jumper,98,109,4,4:03,False,0,{'id': '20'},[{'athlete': {'id': '4397014'}}],2025-03-13T01:44:04Z,True,"{'x': 49, 'y': 3}",243.0
401705513660,660,"{'id': '155', 'text': 'Defensive Rebound'}",Orlando Robinson defensive rebound,98,109,4,3:59,False,0,{'id': '28'},[{'athlete': {'id': '4593049'}}],2025-03-13T01:44:08Z,False,"{'x': 49, 'y': 3}",239.0
401705513661,661,"{'id': '131', 'text': 'Pullup Jump Shot'}",Jared Rhoden misses 23-foot three point pullup jump shot,98,109,4,3:48,False,0,{'id': '28'},[{'athlete': {'id': '4397119'}}],2025-03-13T01:44:19Z,True,"{'x': 48, 'y': 0}",228.0
401705513662,662,"{'id': '155', 'text': 'Defensive Rebound'}",Jared Butler defensive rebound,98,109,4,3:42,False,0,{'id': '20'},[{'athlete': {'id': '4395695'}}],2025-03-13T01:44:25Z,False,"{'x': 48, 'y': 0}",222.0
401705513665,665,"{'id': '45', 'text': 'Personal Foul'}",Orlando Robinson personal foul,98,109,4,3:40,False,0,{'id': '28'},[{'athlete': {'id': '4593049'}}],2025-03-13T01:44:28Z,False,"{'x': 24, 'y': 10}",220.0
401705513667,667,"{'id': '584', 'text': 'Substitution'}",Jamison Battle enters the game for Orlando Robinson,98,109,4,3:40,False,0,{'id': '28'},"[{'athlete': {'id': '4431893'}}, {'athlete': {'id': '4593049'}}]",2025-03-13T01:44:55Z,False,"{'x': -214748340, 'y': -214748365}",220.0
401705513670,670,"{'id': '132', 'text': 'Step Back Jump Shot'}",Quentin Grimes makes 15-foot step back jumpshot (Jared Butler assists),100,109,4,3:32,True,2,{'id': '20'},"[{'athlete': {'id': '4397014'}}, {'athlete': {'id': '4395695'}}]",2025-03-13T01:45:28Z,True,"{'x': 35, 'y': 12}",212.0
401705513672,672,"{'id': '92', 'text': 'Jump Shot'}",A.J. Lawson makes 25-foot three point jumper (Garrett Temple assists),100,112,4,3:10,True,3,{'id': '28'},"[{'athlete': {'id': '4067017'}}, {'athlete': {'id': '4023'}}]",2025-03-13T01:45:51Z,True,"{'x': 15, 'y': 23}",190.0
401705513674,674,"{'id': '45', 'text': 'Personal Foul'}",Garrett Temple personal foul,100,112,4,3:00,False,0,{'id': '28'},[{'athlete': {'id': '4023'}}],2025-03-13T01:46:04Z,False,"{'x': 22, 'y': 24}",180.0
401705513676,676,"{'id': '584', 'text': 'Substitution'}",Alex Reese enters the game for Ricky Council IV,100,112,4,3:00,False,0,{'id': '20'},"[{'athlete': {'id': '4277812'}}, {'athlete': {'id': '4701234'}}]",2025-03-13T01:46:10Z,False,"{'x': -214748340, 'y': -214748365}",180.0
401705513678,678,"{'id': '45', 'text': 'Personal Foul'}",A.J. Lawson personal foul,100,112,4,2:57,False,0,{'id': '28'},[{'athlete': {'id': '4067017'}}],2025-03-13T01:46:31Z,False,"{'x': 14, 'y': 27}",177.0
401705513680,680,"{'id': '98', 'text': 'Free Throw - 1 of 2'}",Quentin Grimes makes free throw 1 of 2,101,112,4,2:57,True,1,{'id': '20'},[{'athlete': {'id': '4397014'}}],2025-03-13T01:46:59Z,True,"{'x': -214748340, 'y': -214748365}",177.0
401705513681,681,"{'id': '99', 'text': 'Free Throw - 2 of 2'}",Quentin Grimes misses free throw 2 of 2,101,112,4,2:57,False,0,{'id': '20'},[{'athlete': {'id': '4397014'}}],2025-03-13T01:46:59Z,True,"{'x': -214748340, 'y': -214748365}",177.0
401705513682,682,"{'id': '156', 'text': 'Offensive Rebound'}",Adem Bona offensive rebound,101,112,4,2:55,False,0,{'id': '20'},[{'athlete': {'id': '5105637'}}],2025-03-13T01:47:01Z,False,"{'x': -214748340, 'y': -214748365}",175.0
401705513683,683,"{'id': '44', 'text': 'Shooting Foul'}",Colin Castleton shooting foul,101,112,4,2:55,False,0,{'id': '28'},[{'athlete': {'id': '4397204'}}],2025-03-13T01:47:17Z,False,"{'x': 27, 'y': 1}",175.0
401705513685,685,"{'id': '98', 'text': 'Free Throw - 1 of 2'}",Adem Bona makes free throw 1 of 2,102,112,4,2:55,True,1,{'id': '20'},[{'athlete': {'id': '5105637'}}],2025-03-13T01:47:41Z,True,"{'x': -214748340, 'y': -214748365}",175.0
401705513686,686,"{'id': '99', 'text': 'Free Throw - 2 of 2'}",Adem Bona misses free throw 2 of 2,102,112,4,2:55,False,0,{'id': '20'},[{'athlete': {'id': '5105637'}}],2025-03-13T01:47:41Z,True,"{'x': -214748340, 'y': -214748365}",175.0
401705513687,687,"{'id': '155', 'text': 'Defensive Rebound'}",Jamison Battle defensive rebound,102,112,4,2:53,False,0,{'id': '28'},[{'athlete': {'id': '4431893'}}],2025-03-13T01:47:43Z,False,"{'x': -214748340, 'y': -214748365}",173.0
401705513688,688,"{'id': '141', 'text': 'Cutting Layup Shot'}",Colin Castleton makes layup (Jamison Battle assists),102,114,4,2:40,True,2,{'id': '28'},"[{'athlete': {'id': '4397204'}}, {'athlete': {'id': '4431893'}}]",2025-03-13T01:48:13Z,True,"{'x': 24, 'y': 0}",160.0
401705513690,690,"{'id': '131', 'text': 'Pullup Jump Shot'}",Quentin Grimes misses 23-foot three point pullup jump shot,102,114,4,2:28,False,0,{'id': '20'},[{'athlete': {'id': '4397014'}}],2025-03-13T01:48:24Z,True,"{'x': 48, 'y': 4}",148.0
401705513691,691,"{'id': '155', 'text': 'Defensive Rebound'}",Raptors defensive team rebound,102,114,4,2:28,False,0,{'id': '28'},,2025-03-13T01:48:24Z,False,"{'x': 48, 'y': 4}",148.0
401705513693,693,"{'id': '584', 'text': 'Substitution'}",Ricky Council IV enters the game for Alex Reese,102,114,4,2:28,False,0,{'id': '20'},"[{'athlete': {'id': '4701234'}}, {'athlete': {'id': '4277812'}}]",2025-03-13T01:48:36Z,False,"{'x': -214748340, 'y': -214748365}",148.0
401705513695,695,"{'id': '16', 'text': 'Full Timeout'}",76ers Full timeout,102,114,4,2:28,False,0,{'id': '20'},,2025-03-13T01:48:55Z,False,"{'x': -214748340, 'y': -214748365}",148.0
401705513696,696,"{'id': '584', 'text': 'Substitution'}",Orlando Robinson enters the game for Colin Castleton,102,114,4,2:28,False,0,{'id': '28'},"[{'athlete': {'id': '4593049'}}, {'athlete': {'id': '4397204'}}]",2025-03-13T01:49:33Z,False,"{'x': -214748340, 'y': -214748365}",148.0
401705513698,698,"{'id': '132', 'text': 'Step Back Jump Shot'}",Garrett Temple misses 17-foot step back jumpshot,102,114,4,2:07,False,0,{'id': '28'},[{'athlete': {'id': '4023'}}],2025-03-13T01:50:42Z,True,"{'x': 26, 'y': 18}",127.0
401705513699,699,"{'id': '155', 'text': 'Defensive Rebound'}",Adem Bona defensive rebound,102,114,4,2:03,False,0,{'id': '20'},[{'athlete': {'id': '5105637'}}],2025-03-13T01:50:46Z,False,"{'x': 26, 'y': 18}",123.0
401705513700,700,"{'id': '132', 'text': 'Step Back Jump Shot'}",Quentin Grimes misses 26-foot three point step back jumpshot,102,114,4,1:51,False,0,{'id': '20'},[{'athlete': {'id': '4397014'}}],2025-03-13T01:50:58Z,True,"{'x': 12, 'y': 23}",111.0
401705513701,701,"{'id': '155', 'text': 'Defensive Rebound'}",Jamison Battle defensive rebound,102,114,4,1:49,False,0,{'id': '28'},[{'athlete': {'id': '4431893'}}],2025-03-13T01:51:00Z,False,"{'x': 12, 'y': 23}",109.0
401705513702,702,"{'id': '130', 'text': 'Floating Jump Shot'}",Orlando Robinson makes 12-foot two point shot (A.J. Lawson assists),102,116,4,1:41,True,2,{'id': '28'},"[{'athlete': {'id': '4593049'}}, {'athlete': {'id': '4067017'}}]",2025-03-13T01:51:08Z,True,"{'x': 31, 'y': 11}",101.0
401705513704,704,"{'id': '44', 'text': 'Shooting Foul'}",Garrett Temple shooting foul,102,116,4,1:32,False,0,{'id': '28'},[{'athlete': {'id': '4023'}}],2025-03-13T01:51:23Z,False,"{'x': 19, 'y': 3}",92.0
401705513706,706,"{'id': '98', 'text': 'Free Throw - 1 of 2'}",Jared Butler misses free throw 1 of 2,102,116,4,1:32,False,0,{'id': '20'},[{'athlete': {'id': '4395695'}}],2025-03-13T01:51:48Z,True,"{'x': -214748340, 'y': -214748365}",92.0
401705513707,707,"{'id': '156', 'text': 'Offensive Rebound'}",76ers offensive team rebound,102,116,4,1:32,False,0,{'id': '20'},,2025-03-13T01:51:48Z,False,"{'x': -214748340, 'y': -214748365}",92.0
401705513708,708,"{'id': '99', 'text': 'Free Throw - 2 of 2'}",Jared Butler makes free throw 2 of 2,103,116,4,1:32,True,1,{'id': '20'},[{'athlete': {'id': '4395695'}}],2025-03-13T01:52:02Z,True,"{'x': -214748340, 'y': -214748365}",92.0
401705513709,709,"{'id': '87', 'text': 'Out of Bounds - Lost Ball Turnover'}",Garrett Temple out of bounds lost ball turnover,103,116,4,1:25,False,0,{'id': '28'},[{'athlete': {'id': '4023'}}],2025-03-13T01:52:11Z,False,"{'x': 1, 'y': 27}",85.0
401705513710,710,"{'id': '132', 'text': 'Step Back Jump Shot'}",Quentin Grimes misses 17-foot step back jumpshot,103,116,4,1:18,False,0,{'id': '20'},[{'athlete': {'id': '4397014'}}],2025-03-13T01:52:25Z,True,"{'x': 29, 'y': 17}",78.0
401705513711,711,"{'id': '156', 'text': 'Offensive Rebound'}",Adem Bona offensive rebound,103,116,4,1:16,False,0,{'id': '20'},[{'athlete': {'id': '5105637'}}],2025-03-13T01:52:27Z,False,"{'x': 29, 'y': 17}",76.0
401705513712,712,"{'id': '125', 'text': 'Layup Shot Putback'}",Adem Bona misses two point shot,103,116,4,1:15,False,0,{'id': '20'},[{'athlete': {'id': '5105637'}}],2025-03-13T01:52:29Z,True,"{'x': 25, 'y': 1}",75.0
401705513713,713,"{'id': '156', 'text': 'Offensive Rebound'}",Adem Bona offensive rebound,103,116,4,1:14,False,0,{'id': '20'},[{'athlete': {'id': '5105637'}}],2025-03-13T01:52:30Z,False,"{'x': 25, 'y': 1}",74.0
401705513714,714,"{'id': '125', 'text': 'Layup Shot Putback'}",Adem Bona makes two point shot,105,116,4,1:13,True,2,{'id': '20'},[{'athlete': {'id': '5105637'}}],2025-03-13T01:52:34Z,True,"{'x': 25, 'y': 0}",73.0
401705513715,715,"{'id': '128', 'text': 'Driving Finger Roll Layup'}",A.J. Lawson makes two point shot (Jared Rhoden assists),105,118,4,49.1,True,2,{'id': '28'},"[{'athlete': {'id': '4067017'}}, {'athlete': {'id': '4397119'}}]",2025-03-13T01:52:58Z,True,"{'x': 25, 'y': 1}",49.1
401705513717,717,"{'id': '132', 'text': 'Step Back Jump Shot'}",Jeff Dowtin Jr. misses 11-foot step back jumpshot,105,118,4,38.1,False,0,{'id': '20'},[{'athlete': {'id': '4066786'}}],2025-03-13T01:53:11Z,True,"{'x': 29, 'y': 11}",38.1
401705513718,718,"{'id': '155', 'text': 'Defensive Rebound'}",Jared Rhoden defensive rebound,105,118,4,35.2,False,0,{'id': '28'},[{'athlete': {'id': '4397119'}}],2025-03-13T01:53:13Z,False,"{'x': 29, 'y': 11}",35.2
401705513719,719,"{'id': '70', 'text': 'Shot Clock Turnover'}",shot clock turnover ,105,118,4,12.1,False,0,{'id': '28'},,2025-03-13T01:53:43Z,False,"{'x': 16, 'y': 32}",12.1
401705513720,720,"{'id': '412', 'text': 'End Period'}",End of the 4th Quarter,105,118,4,0.0,False,0,,,2025-03-13T01:54:01Z,False,"{'x': -214748340, 'y': -214748365}",0.0
401705513721,721,"{'id': '402', 'text': 'End Game'}",End of Game,105,118,4,0.0,False,0,,,2025-03-13T01:54:03Z,False,"{'x': -214748340, 'y': -214748365}",0.0
